0 6 5 0.4 0.4 1.75 0.4 -29.0863 64.6742 -21.5323 28.001 0.707107 0 0 0 -0.707107 0 0 0 0.4 0.4 1.75 0.4 65 0 2.5 0.25 1 0 0 0 0 0 0 0 0 0 0 0 1 12 0 1 1 1 0.25 5 2 0 0 0 0
0 0 9 0.75 0.5 3 0.75 3.5 64.9 0.5 0 1 0 0 0 0 0 0 0 1.5 1 6 1.5 3 4.5 1.265 0.25 1 1 0 0 0 0 0 0 0 0 0 0 1 46 0 1 1 1 1 1 2 0 0 0 0
0 0 9 0.25 0.25 0.25 0.25 3.5 65.65 2 0 1 0 0 0 0 0 0 0 0.5 0.5 0.5 0.5 1 0.33 1.265 0.25 1 1 0 0 0 0 0 0 0 0 0 0 1 0 0 1 1 1 1 1 2 0 0 0 0
0 0 9 0.25 0.25 0.25 0.25 3.5 67.65 -1.25 0 1 0 0 0 0 0 0 0 0.5 0.5 0.5 0.5 1.5 0.5 1.265 0.25 1 1 0 0 0 0 0 0 0 0 0 0 1 43 0.5 1 1 1 1 1 2 0 0 0 0
0 0 9 0.25 0.25 0.25 0.25 3.5 67.65 -1.75 0 1 0 0 0 0 0 0 0 0.5 0.5 0.5 0.5 1.5 0.5 1.265 0.25 1 1 0 0 0 0 0 0 0 0 0 0 1 43 0.5 1 1 1 1 1 2 0 0 0 0
2 0 3 0.5 0.5 0.5 0.5 3.95 64.15 0 0.45 1 0 0 0 0 0 0 0 0.5 0.5 0.5 0.5 1.265 0 1 2 0.25 1 1 1 1 3 2
2 0 3 0.5 0.5 0.5 0.5 3.05 64.15 0 0.45 1 0 0 0 0 0 0 0 0.5 0.5 0.5 0.5 1.265 0 1 2 0.25 1 1 1 1 3 2
2 0 3 0.5 0.5 0.5 0.5 3.95 64.15 0 -0.45 1 0 0 0 0 0 0 0 0.5 0.5 0.5 0.5 1.265 0 1 2 0.25 1 1 1 1 3 2
2 0 3 0.5 0.5 0.5 0.5 3.05 64.15 0 -0.45 1 0 0 0 0 0 0 0 0.5 0.5 0.5 0.5 1.265 0 1 2 0.25 1 1 1 1 3 2
2 7 9 0.5 1 0.5 0.5 -2 64.8 -2 0 1 0 0 0 0 0 0 0 1 2 1 1 1.265 1 1 53 0 2 2 2 1 1 4
2 0 9 6.2 3.6 8.2 0.1 0 67.4 0 6.1 1 0 0 0 0 0 0 0 12.4 7.2 16.4 0.2 1.6 0.25 0 53 0 1 1 1 1 1 2
2 0 9 6 0.05 8 0.005 0 64.05 0 5.995 1 0 0 0 0 0 0 0 12 0.1 16 0.01 1.6 0.25 1 17 0 0 0 0 0.5 0 2
2 0 9 6.2 3.6 8.2 0.1 0 67.4 0 -6.1 1 0 0 0 0 0 0 0 12.4 7.2 16.4 0.2 1.6 0.25 0 53 0 1 1 1 1 1 2
2 0 9 6 0.05 8 0.005 0 64.05 0 -5.995 1 0 0 0 0 0 0 0 12 0.1 16 0.01 1.6 0.25 1 17 0 0 0 0 0.5 0 2
2 0 9 6.2 3.6 0.1 6 0 67.4 8.1 0 1 0 0 0 0 0 0 0 12.4 7.2 0.2 12 1.6 0.25 0 53 0 1 1 1 1 1 2
2 0 9 6 0.05 0.005 5.99 0 64.05 7.995 0 1 0 0 0 0 0 0 0 12 0.1 0.01 11.98 1.6 0.25 1 17 0 0 0 0 0.5 0 2
2 0 9 6.2 3.6 0.1 6 0 67.4 -8.1 0 1 0 0 0 0 0 0 0 12.4 7.2 0.2 12 1.6 0.25 0 53 0 1 1 1 1 1 2
2 0 9 6 0.05 0.005 5.99 0 64.05 -7.995 0 1 0 0 0 0 0 0 0 12 0.1 0.01 11.98 1.6 0.25 1 17 0 0 0 0 0.5 0 2
2 0 9 6.2 0.1 8.2 6.2 0 71.1 0 0 1 0 0 0 0 0 0 0 12.4 0.2 16.4 12.4 1.6 0.25 1 56 0 1 1 1 1 1 2
2 0 9 6 0.1 8 6 0 63.9 0 0 1 0 0 0 0 0 0 0 12 0.2 16 12 1.6 0.25 1 26 0 1 1 1 1 1 2
2 0 9 0.1 3.6 8 6 6.1 67.4 0 0 1 0 0 0 0 0 0 0 0.2 7.2 16 12 1.6 0.25 0 53 0 1 1 1 1 1 2
2 0 9 0.005 0.05 7.99 5.99 5.995 64.05 0 0 1 0 0 0 0 0 0 0 0.01 0.1 15.98 11.98 1.6 0.25 1 17 0 0 0 0 0.5 0 2
2 0 9 0.005 0.05 7.99 5.99 -5.995 64.05 0 0 1 0 0 0 0 0 0 0 0.01 0.1 15.98 11.98 1.6 0.25 1 17 0 0 0 0 0.5 0 2
2 0 9 0.5 0.5 0.5 0.5 -23 64.25 -21.5 3.5 1 0 0 0 0 0 0 0 1 1 1 1 1.265 0.25 1 27 0 1 1 1 1 1 2
2 0 9 0.5 0.5 0.5 0.5 -22 64.25 -21.5 2.5 1 0 0 0 0 0 0 0 1 1 1 1 1.265 0.25 1 27 0 1 1 1 1 1 2
2 0 9 0.5 0.5 0.5 0.5 -21 64.25 -21.5 1.5 1 0 0 0 0 0 0 0 1 1 1 1 1.265 0.25 1 27 0 1 1 1 1 1 2
2 0 9 0.5 0.5 0.5 0.5 -20 64.25 -21.5 0.5 1 0 0 0 0 0 0 0 1 1 1 1 1.265 0.25 1 27 0 1 1 1 1 1 2
2 0 9 0.5 0.5 0.5 0.5 -19 64.25 -21.5 -0.5 1 0 0 0 0 0 0 0 1 1 1 1 1.265 0.25 1 27 0 1 1 1 1 1 2
2 0 9 0.5 0.5 0.5 0.5 -18 64.25 -21.5 -1.5 1 0 0 0 0 0 0 0 1 1 1 1 1.265 0.25 1 27 0 1 1 1 1 1 2
2 0 9 0.5 0.5 0.5 0.5 -17 64.25 -21.5 -2.5 1 0 0 0 0 0 0 0 1 1 1 1 1.265 0.25 1 27 0 1 1 1 1 1 2
2 0 9 0.5 0.5 0.5 0.5 -16 64.25 -21.5 -3.5 1 0 0 0 0 0 0 0 1 1 1 1 1.265 0.25 1 27 0 1 1 1 1 1 2
2 0 9 0.5 0.5 0.5 0.5 -15 64.25 -21.5 -4.5 1 0 0 0 0 0 0 0 1 1 1 1 1.265 0.25 1 27 0 1 1 1 1 1 2
2 0 9 0.5 0.5 0.5 0.5 -14 64.25 -21.5 -5.5 1 0 0 0 0 0 0 0 1 1 1 1 1.265 0.25 1 27 0 1 1 1 1 1 2
2 0 9 0.5 0.5 0.5 0.5 -13 64.25 -21.5 -6.5 1 0 0 0 0 0 0 0 1 1 1 1 1.265 0.25 1 27 0 1 1 1 1 1 2
2 0 9 0.5 0.5 0.5 0.5 -12 64.25 -21.5 -7.5 1 0 0 0 0 0 0 0 1 1 1 1 1.265 0.25 1 27 0 1 1 1 1 1 2
2 0 9 0.5 0.5 0.5 0.5 -11 64.25 -21.5 -8.5 1 0 0 0 0 0 0 0 1 1 1 1 1.265 0.25 1 27 0 1 1 1 1 1 2
2 0 9 0.5 0.5 0.5 0.5 -10 64.25 -21.5 -9.5 1 0 0 0 0 0 0 0 1 1 1 1 1.265 0.25 1 27 0 1 1 1 1 1 2
2 0 9 0.5 0.5 0.5 0.5 -28 64.25 -19.5 13.5 1 0 0 0 0 0 0 0 1 1 1 1 1.265 0.25 1 27 0 1 1 1 1 1 2
2 0 9 0.5 0.5 0.5 0.5 -27 64.25 -19.5 14.5 1 0 0 0 0 0 0 0 1 1 1 1 1.265 0.25 1 27 0 1 1 1 1 1 2
2 0 9 0.5 0.5 0.5 0.5 -26 64.25 -19.5 15.5 1 0 0 0 0 0 0 0 1 1 1 1 1.265 0.25 1 27 0 1 1 1 1 1 2
2 0 9 0.5 0.5 0.5 0.5 -25 64.25 -19.5 16.5 1 0 0 0 0 0 0 0 1 1 1 1 1.265 0.25 1 27 0 1 1 1 1 1 2
2 0 9 0.5 0.5 0.5 0.5 -24 64.25 -19.5 17.5 1 0 0 0 0 0 0 0 1 1 1 1 1.265 0.25 1 27 0 1 1 1 1 1 2
2 0 9 0.5 0.5 0.5 0.5 -23 64.25 -19.5 18.5 1 0 0 0 0 0 0 0 1 1 1 1 1.265 0.25 1 27 0 1 1 1 1 1 2
2 0 9 0.5 0.5 0.5 0.5 -22 64.25 -19.5 19.5 1 0 0 0 0 0 0 0 1 1 1 1 1.265 0.25 1 27 0 1 1 1 1 1 2
2 0 9 0.5 0.5 0.5 0.5 -21 64.25 -19.5 20.5 1 0 0 0 0 0 0 0 1 1 1 1 1.265 0.25 1 27 0 1 1 1 1 1 2
2 0 9 0.5 0.5 0.5 0.5 -20 64.25 -19.5 21.5 1 0 0 0 0 0 0 0 1 1 1 1 1.265 0.25 1 27 0 1 1 1 1 1 2
2 0 9 0.5 0.5 0.5 0.5 -19 64.25 -19.5 22.5 1 0 0 0 0 0 0 0 1 1 1 1 1.265 0.25 1 27 0 1 1 1 1 1 2
2 0 9 0.5 0.5 0.5 0.5 -18 64.25 -19.5 23.5 1 0 0 0 0 0 0 0 1 1 1 1 1.265 0.25 1 27 0 1 1 1 1 1 2
2 0 9 0.5 0.5 0.5 0.5 -17 64.25 -19.5 24.5 1 0 0 0 0 0 0 0 1 1 1 1 1.265 0.25 1 27 0 1 1 1 1 1 2
2 0 9 0.5 0.5 0.5 0.5 -16 64.25 -19.5 25.5 1 0 0 0 0 0 0 0 1 1 1 1 1.265 0.25 1 27 0 1 1 1 1 1 2
2 0 9 0.5 0.5 0.5 0.5 -15 64.25 -19.5 26.5 1 0 0 0 0 0 0 0 1 1 1 1 1.265 0.25 1 27 0 1 1 1 1 1 2
2 0 9 0.5 0.5 0.5 0.5 -14 64.25 -19.5 27.5 1 0 0 0 0 0 0 0 1 1 1 1 1.265 0.25 1 27 0 1 1 1 1 1 2
2 0 9 0.5 0.5 0.5 0.5 -13 64.25 -19.5 28.5 1 0 0 0 0 0 0 0 1 1 1 1 1.265 0.25 1 27 0 1 1 1 1 1 2
2 0 9 0.5 0.5 0.5 0.5 -29 64.25 -29 17 1 0 0 0 0 0 0 0 1 1 1 1 1.265 0.25 1 27 0 1 1 1 1 1 2
2 0 9 0.5 0.5 0.5 0.5 -29 65.25 -29 17 1 0 0 0 0 0 0 0 1 1 1 1 1.265 0.25 1 27 0 1 1 1 1 1 2
2 0 9 0.5 0.5 0.5 0.5 -29 66.25 -29 17 1 0 0 0 0 0 0 0 1 1 1 1 1.265 0.25 1 27 0 1 1 1 1 1 2
2 0 9 0.5 0.5 0.5 0.5 -29 67.25 -29 17 1 0 0 0 0 0 0 0 1 1 1 1 1.265 0.25 1 27 0 1 1 1 1 1 2
2 0 9 0.5 0.5 0.5 0.5 -29 68.25 -29 17 1 0 0 0 0 0 0 0 1 1 1 1 1.265 0.25 1 27 0 1 1 1 1 1 2
2 0 9 0.5 0.5 0.5 0.5 -29 64.25 -29 18 1 0 0 0 0 0 0 0 1 1 1 1 1.265 0.25 1 27 0 1 1 1 1 1 2
2 0 9 0.5 0.5 0.5 0.5 -29 64.25 -29 16 1 0 0 0 0 0 0 0 1 1 1 1 1.265 0.25 1 27 0 1 1 1 1 1 2
2 0 9 0.5 0.5 0.5 0.5 -29 69.25 -29 17 1 0 0 0 0 0 0 0 1 1 1 1 1.265 0.25 1 27 0 1 1 1 1 1 2
2 0 9 0.5 0.5 0.5 0.5 -29 68.25 -29 18 1 0 0 0 0 0 0 0 1 1 1 1 1.265 0.25 1 27 0 1 1 1 1 1 2
2 0 9 0.5 0.5 0.5 0.5 -30 64.25 -29 19 1 0 0 0 0 0 0 0 1 1 1 1 1.265 0.25 1 27 0 1 1 1 1 1 2
2 0 9 0.5 0.5 0.5 0.5 -30 64.25 -29 18 1 0 0 0 0 0 0 0 1 1 1 1 1.265 0.25 1 27 0 1 1 1 1 1 2
2 0 9 0.5 0.5 0.5 0.5 -30 64.25 -29 17 1 0 0 0 0 0 0 0 1 1 1 1 1.265 0.25 1 27 0 1 1 1 1 1 2
2 0 9 0.5 0.5 0.5 0.5 -30 64.25 -29 16 1 0 0 0 0 0 0 0 1 1 1 1 1.265 0.25 1 27 0 1 1 1 1 1 2
2 0 9 0.5 0.5 0.5 0.5 -30 64.25 -29 15 1 0 0 0 0 0 0 0 1 1 1 1 1.265 0.25 1 27 0 1 1 1 1 1 2
2 0 9 0.5 0.5 0.5 0.5 -30 65.25 -29 18 1 0 0 0 0 0 0 0 1 1 1 1 1.265 0.25 1 27 0 1 1 1 1 1 2
2 0 9 0.5 0.5 0.5 0.5 -30 66.25 -29 17 1 0 0 0 0 0 0 0 1 1 1 1 1.265 0.25 1 27 0 1 1 1 1 1 2
2 0 9 0.5 0.5 0.5 0.5 -30 67.25 -29 16 1 0 0 0 0 0 0 0 1 1 1 1 1.265 0.25 1 27 0 1 1 1 1 1 2
2 0 9 0.5 0.5 0.5 0.5 -30 68.25 -29 15 1 0 0 0 0 0 0 0 1 1 1 1 1.265 0.25 1 27 0 1 1 1 1 1 2
2 0 9 0.5 0.5 0.5 0.5 -30 69.25 -29 15 1 0 0 0 0 0 0 0 1 1 1 1 1.265 0.25 1 27 0 1 1 1 1 1 2
2 0 9 0.5 0.5 0.5 0.5 -30 70.25 -29 16 1 0 0 0 0 0 0 0 1 1 1 1 1.265 0.25 1 27 0 1 1 1 1 1 2
2 0 9 0.5 0.5 0.5 0.5 -30 71.25 -29 17 1 0 0 0 0 0 0 0 1 1 1 1 1.265 0.25 1 27 0 1 1 1 1 1 2
2 0 9 0.5 0.5 0.5 0.5 -30 70.25 -29 18 1 0 0 0 0 0 0 0 1 1 1 1 1.265 0.25 1 27 0 1 1 1 1 1 2
2 0 9 0.5 0.5 0.5 0.5 -30 69.25 -29 19 1 0 0 0 0 0 0 0 1 1 1 1 1.265 0.25 1 27 0 1 1 1 1 1 2
2 0 9 0.5 0.5 0.5 0.5 -31 64.25 -23.5 33.5 1 0 0 0 0 0 0 0 1 1 1 1 1.265 0.25 1 27 0 1 1 1 1 1 2
2 0 9 0.5 0.5 0.5 0.5 -31 65.25 -23.5 33.5 1 0 0 0 0 0 0 0 1 1 1 1 1.265 0.25 1 27 0 1 1 1 1 1 2
2 0 9 0.5 0.5 0.5 0.5 -31 66.25 -23.5 33.5 1 0 0 0 0 0 0 0 1 1 1 1 1.265 0.25 1 27 0 1 1 1 1 1 2
2 0 9 0.5 0.5 0.5 0.5 -31 67.25 -23.5 33.5 1 0 0 0 0 0 0 0 1 1 1 1 1.265 0.25 1 27 0 1 1 1 1 1 2
2 0 9 0.5 0.5 0.5 0.5 -31 68.25 -23.5 33.5 1 0 0 0 0 0 0 0 1 1 1 1 1.265 0.25 1 27 0 1 1 1 1 1 2
2 0 9 0.5 0.5 0.5 0.5 -30 64.25 -22.5 33.5 1 0 0 0 0 0 0 0 1 1 1 1 1.265 0.25 1 27 0 1 1 1 1 1 2
2 0 9 0.5 0.5 0.5 0.5 -30 64.25 -23.5 33.5 1 0 0 0 0 0 0 0 1 1 1 1 1.265 0.25 1 27 0 1 1 1 1 1 2
2 0 9 0.5 0.5 0.5 0.5 -30 64.25 -24.5 33.5 1 0 0 0 0 0 0 0 1 1 1 1 1.265 0.25 1 27 0 1 1 1 1 1 2
2 0 9 0.5 0.5 0.5 0.5 -30 65.25 -24.5 33.5 1 0 0 0 0 0 0 0 1 1 1 1 1.265 0.25 1 27 0 1 1 1 1 1 2
2 0 9 0.5 0.5 0.5 0.5 -30 66.25 -24.5 33.5 1 0 0 0 0 0 0 0 1 1 1 1 1.265 0.25 1 27 0 1 1 1 1 1 2
2 0 9 0.5 0.5 0.5 0.5 -30 67.25 -24.5 33.5 1 0 0 0 0 0 0 0 1 1 1 1 1.265 0.25 1 27 0 1 1 1 1 1 2
2 0 9 0.5 0.5 0.5 0.5 -30 68.25 -24.5 33.5 1 0 0 0 0 0 0 0 1 1 1 1 1.265 0.25 1 27 0 1 1 1 1 1 2
2 0 9 0.5 0.5 0.5 0.5 -30 65.25 -22.5 33.5 1 0 0 0 0 0 0 0 1 1 1 1 1.265 0.25 1 27 0 1 1 1 1 1 2
2 0 9 0.5 0.5 0.5 0.5 -30 66.25 -22.5 33.5 1 0 0 0 0 0 0 0 1 1 1 1 1.265 0.25 1 27 0 1 1 1 1 1 2
2 0 9 0.5 0.5 0.5 0.5 -30 67.25 -22.5 33.5 1 0 0 0 0 0 0 0 1 1 1 1 1.265 0.25 1 27 0 1 1 1 1 1 2
2 0 9 0.5 0.5 0.5 0.5 -30 68.25 -22.5 33.5 1 0 0 0 0 0 0 0 1 1 1 1 1.265 0.25 1 27 0 1 1 1 1 1 2
2 0 9 0.5 0.5 0.5 0.5 -30 68.25 -23.5 33.5 1 0 0 0 0 0 0 0 1 1 1 1 1.265 0.25 1 27 0 1 1 1 1 1 2
2 0 9 0.5 0.5 0.5 0.5 -32 64.25 -22.5 33.5 1 0 0 0 0 0 0 0 1 1 1 1 1.265 0.25 1 27 0 1 1 1 1 1 2
2 0 9 0.5 0.5 0.5 0.5 -32 64.25 -23.5 33.5 1 0 0 0 0 0 0 0 1 1 1 1 1.265 0.25 1 27 0 1 1 1 1 1 2
2 0 9 0.5 0.5 0.5 0.5 -32 64.25 -24.5 33.5 1 0 0 0 0 0 0 0 1 1 1 1 1.265 0.25 1 27 0 1 1 1 1 1 2
2 0 9 0.5 0.5 0.5 0.5 -32 66.25 -22.5 33.5 1 0 0 0 0 0 0 0 1 1 1 1 1.265 0.25 1 27 0 1 1 1 1 1 2
2 0 9 0.5 0.5 0.5 0.5 -32 65.25 -22.5 33.5 1 0 0 0 0 0 0 0 1 1 1 1 1.265 0.25 1 27 0 1 1 1 1 1 2
2 0 9 0.5 0.5 0.5 0.5 -32 66.25 -23.5 33.5 1 0 0 0 0 0 0 0 1 1 1 1 1.265 0.25 1 27 0 1 1 1 1 1 2
2 0 9 0.5 0.5 0.5 0.5 -32 66.25 -24.5 33.5 1 0 0 0 0 0 0 0 1 1 1 1 1.265 0.25 1 27 0 1 1 1 1 1 2
2 0 9 0.5 0.5 0.5 0.5 -32 67.25 -24.5 33.5 1 0 0 0 0 0 0 0 1 1 1 1 1.265 0.25 1 27 0 1 1 1 1 1 2
2 0 9 0.5 0.5 0.5 0.5 -32 68.25 -24.5 33.5 1 0 0 0 0 0 0 0 1 1 1 1 1.265 0.25 1 27 0 1 1 1 1 1 2
2 0 9 0.5 0.5 0.5 0.5 -32 68.25 -23.5 33.5 1 0 0 0 0 0 0 0 1 1 1 1 1.265 0.25 1 27 0 1 1 1 1 1 2
2 0 9 0.5 0.5 0.5 0.5 -32 68.25 -22.5 33.5 1 0 0 0 0 0 0 0 1 1 1 1 1.265 0.25 1 27 0 1 1 1 1 1 2
2 0 9 0.5 0.5 0.5 0.5 -33 64.25 -22.5 33.5 1 0 0 0 0 0 0 0 1 1 1 1 1.265 0.25 1 27 0 1 1 1 1 1 2
2 0 9 0.5 0.5 0.5 0.5 -33 64.25 -23.5 33.5 1 0 0 0 0 0 0 0 1 1 1 1 1.265 0.25 1 27 0 1 1 1 1 1 2
2 0 9 0.5 0.5 0.5 0.5 -33 64.25 -24.5 33.5 1 0 0 0 0 0 0 0 1 1 1 1 1.265 0.25 1 27 0 1 1 1 1 1 2
2 0 9 0.5 0.5 0.5 0.5 -33 65.25 -24.5 33.5 1 0 0 0 0 0 0 0 1 1 1 1 1.265 0.25 1 27 0 1 1 1 1 1 2
2 0 9 0.5 0.5 0.5 0.5 -33 66.25 -24.5 33.5 1 0 0 0 0 0 0 0 1 1 1 1 1.265 0.25 1 27 0 1 1 1 1 1 2
2 0 9 0.5 0.5 0.5 0.5 -33 66.25 -23.5 33.5 1 0 0 0 0 0 0 0 1 1 1 1 1.265 0.25 1 27 0 1 1 1 1 1 2
2 0 9 0.5 0.5 0.5 0.5 -33 66.25 -22.5 33.5 1 0 0 0 0 0 0 0 1 1 1 1 1.265 0.25 1 27 0 1 1 1 1 1 2
2 0 9 0.5 0.5 0.5 0.5 -33 67.25 -24.5 33.5 1 0 0 0 0 0 0 0 1 1 1 1 1.265 0.25 1 27 0 1 1 1 1 1 2
2 0 9 0.5 0.5 0.5 0.5 -33 68.25 -24.5 33.5 1 0 0 0 0 0 0 0 1 1 1 1 1.265 0.25 1 27 0 1 1 1 1 1 2
2 0 9 0.5 0.5 0.5 0.5 -33 68.25 -23.5 33.5 1 0 0 0 0 0 0 0 1 1 1 1 1.265 0.25 1 27 0 1 1 1 1 1 2
2 0 9 0.5 0.5 0.5 0.5 -33 68.25 -22.5 33.5 1 0 0 0 0 0 0 0 1 1 1 1 1.265 0.25 1 27 0 1 1 1 1 1 2
2 0 9 0.5 0.5 0.5 0.5 -34 68.25 -22.5 33.5 1 0 0 0 0 0 0 0 1 1 1 1 1.265 0.25 1 27 0 1 1 1 1 1 2
2 0 9 0.5 0.5 0.5 0.5 -34 67.25 -22.5 33.5 1 0 0 0 0 0 0 0 1 1 1 1 1.265 0.25 1 27 0 1 1 1 1 1 2
2 0 9 0.5 0.5 0.5 0.5 -34 66.25 -22.5 33.5 1 0 0 0 0 0 0 0 1 1 1 1 1.265 0.25 1 27 0 1 1 1 1 1 2
2 0 9 0.5 0.5 0.5 0.5 -34 66.25 -23.5 33.5 1 0 0 0 0 0 0 0 1 1 1 1 1.265 0.25 1 27 0 1 1 1 1 1 2
2 0 9 0.5 0.5 0.5 0.5 -34 66.25 -24.5 33.5 1 0 0 0 0 0 0 0 1 1 1 1 1.265 0.25 1 27 0 1 1 1 1 1 2
2 0 9 0.5 0.5 0.5 0.5 -34 67.25 -24.5 33.5 1 0 0 0 0 0 0 0 1 1 1 1 1.265 0.25 1 27 0 1 1 1 1 1 2
2 0 9 0.5 0.5 0.5 0.5 -34 68.25 -24.5 33.5 1 0 0 0 0 0 0 0 1 1 1 1 1.265 0.25 1 27 0 1 1 1 1 1 2
2 0 9 0.5 0.5 0.5 0.5 -34 65.25 -24.5 33.5 1 0 0 0 0 0 0 0 1 1 1 1 1.265 0.25 1 27 0 1 1 1 1 1 2
2 0 9 0.5 0.5 0.5 0.5 -34 64.25 -24.5 33.5 1 0 0 0 0 0 0 0 1 1 1 1 1.265 0.25 1 27 0 1 1 1 1 1 2
2 0 9 0.5 0.5 0.5 0.5 -35 64.25 -24.5 33.5 1 0 0 0 0 0 0 0 1 1 1 1 1.265 0.25 1 27 0 1 1 1 1 1 2
2 0 9 0.5 0.5 0.5 0.5 -35 64.25 -23.5 33.5 1 0 0 0 0 0 0 0 1 1 1 1 1.265 0.25 1 27 0 1 1 1 1 1 2
2 0 9 0.5 0.5 0.5 0.5 -35 64.25 -22.5 33.5 1 0 0 0 0 0 0 0 1 1 1 1 1.265 0.25 1 27 0 1 1 1 1 1 2
2 0 9 0.5 0.5 0.5 0.5 -35 65.25 -24.5 33.5 1 0 0 0 0 0 0 0 1 1 1 1 1.265 0.25 1 27 0 1 1 1 1 1 2
2 0 9 0.5 0.5 0.5 0.5 -35 66.25 -24.5 33.5 1 0 0 0 0 0 0 0 1 1 1 1 1.265 0.25 1 27 0 1 1 1 1 1 2
2 0 9 0.5 0.5 0.5 0.5 -35 66.25 -23.5 33.5 1 0 0 0 0 0 0 0 1 1 1 1 1.265 0.25 1 27 0 1 1 1 1 1 2
2 0 9 0.5 0.5 0.5 0.5 -35 66.25 -22.5 33.5 1 0 0 0 0 0 0 0 1 1 1 1 1.265 0.25 1 27 0 1 1 1 1 1 2
2 0 9 0.5 0.5 0.5 0.5 -35 67.25 -22.5 33.5 1 0 0 0 0 0 0 0 1 1 1 1 1.265 0.25 1 27 0 1 1 1 1 1 2
2 0 9 0.5 0.5 0.5 0.5 -35 68.25 -22.5 33.5 1 0 0 0 0 0 0 0 1 1 1 1 1.265 0.25 1 27 0 1 1 1 1 1 2
2 0 9 0.5 0.5 0.5 0.5 -35 68.25 -23.5 33.5 1 0 0 0 0 0 0 0 1 1 1 1 1.265 0.25 1 27 0 1 1 1 1 1 2
2 0 9 0.5 0.5 0.5 0.5 -35 68.25 -24.5 33.5 1 0 0 0 0 0 0 0 1 1 1 1 1.265 0.25 1 27 0 1 1 1 1 1 2
2 0 9 0.5 0.5 0.5 0.5 -36 64.25 -24.5 33.5 1 0 0 0 0 0 0 0 1 1 1 1 1.265 0.25 1 27 0 1 1 1 1 1 2
2 0 9 0.5 0.5 0.5 0.5 -36 64.25 -23.5 33.5 1 0 0 0 0 0 0 0 1 1 1 1 1.265 0.25 1 27 0 1 1 1 1 1 2
2 0 9 0.5 0.5 0.5 0.5 -36 64.25 -22.5 33.5 1 0 0 0 0 0 0 0 1 1 1 1 1.265 0.25 1 27 0 1 1 1 1 1 2
2 0 9 0.5 0.5 0.5 0.5 -36 65.25 -24.5 33.5 1 0 0 0 0 0 0 0 1 1 1 1 1.265 0.25 1 27 0 1 1 1 1 1 2
2 0 9 0.5 0.5 0.5 0.5 -36 66.25 -24.5 33.5 1 0 0 0 0 0 0 0 1 1 1 1 1.265 0.25 1 27 0 1 1 1 1 1 2
2 0 9 0.5 0.5 0.5 0.5 -36 66.25 -23.5 33.5 1 0 0 0 0 0 0 0 1 1 1 1 1.265 0.25 1 27 0 1 1 1 1 1 2
2 0 9 0.5 0.5 0.5 0.5 -36 65.25 -22.5 33.5 1 0 0 0 0 0 0 0 1 1 1 1 1.265 0.25 1 27 0 1 1 1 1 1 2
2 0 9 0.5 0.5 0.5 0.5 -36 66.25 -22.5 33.5 1 0 0 0 0 0 0 0 1 1 1 1 1.265 0.25 1 27 0 1 1 1 1 1 2
2 0 9 0.5 0.5 0.5 0.5 -36 67.25 -22.5 33.5 1 0 0 0 0 0 0 0 1 1 1 1 1.265 0.25 1 27 0 1 1 1 1 1 2
2 0 9 0.5 0.5 0.5 0.5 -36 68.25 -22.5 33.5 1 0 0 0 0 0 0 0 1 1 1 1 1.265 0.25 1 27 0 1 1 1 1 1 2
2 0 9 0.5 0.5 0.5 0.5 -36 68.25 -23.5 33.5 1 0 0 0 0 0 0 0 1 1 1 1 1.265 0.25 1 27 0 1 1 1 1 1 2
2 0 9 0.5 0.5 0.5 0.5 -36 68.25 -24.5 33.5 1 0 0 0 0 0 0 0 1 1 1 1 1.265 0.25 1 27 0 1 1 1 1 1 2
2 0 9 0.5 0.5 0.5 0.5 -37 68.25 -22.5 33.5 1 0 0 0 0 0 0 0 1 1 1 1 1.265 0.25 1 27 0 1 1 1 1 1 2
2 0 9 0.5 0.5 0.5 0.5 -37 68.25 -23.5 33.5 1 0 0 0 0 0 0 0 1 1 1 1 1.265 0.25 1 27 0 1 1 1 1 1 2
2 0 9 0.5 0.5 0.5 0.5 -37 68.25 -24.5 33.5 1 0 0 0 0 0 0 0 1 1 1 1 1.265 0.25 1 27 0 1 1 1 1 1 2
2 0 9 0.5 0.5 0.5 0.5 -37 67.25 -24.5 33.5 1 0 0 0 0 0 0 0 1 1 1 1 1.265 0.25 1 27 0 1 1 1 1 1 2
2 0 9 0.5 0.5 0.5 0.5 -37 66.25 -24.5 33.5 1 0 0 0 0 0 0 0 1 1 1 1 1.265 0.25 1 27 0 1 1 1 1 1 2
2 0 9 0.5 0.5 0.5 0.5 -37 65.25 -24.5 33.5 1 0 0 0 0 0 0 0 1 1 1 1 1.265 0.25 1 27 0 1 1 1 1 1 2
2 0 9 0.5 0.5 0.5 0.5 -37 64.25 -24.5 33.5 1 0 0 0 0 0 0 0 1 1 1 1 1.265 0.25 1 27 0 1 1 1 1 1 2
2 0 9 0.5 0.5 0.5 0.5 -38 64.25 -24.5 33.5 1 0 0 0 0 0 0 0 1 1 1 1 1.265 0.25 1 27 0 1 1 1 1 1 2
2 0 9 0.5 0.5 0.5 0.5 -38 64.25 -23.5 33.5 1 0 0 0 0 0 0 0 1 1 1 1 1.265 0.25 1 27 0 1 1 1 1 1 2
2 0 9 0.5 0.5 0.5 0.5 -38 64.25 -22.5 33.5 1 0 0 0 0 0 0 0 1 1 1 1 1.265 0.25 1 27 0 1 1 1 1 1 2
2 0 9 0.5 0.5 0.5 0.5 -38 65.25 -22.5 33.5 1 0 0 0 0 0 0 0 1 1 1 1 1.265 0.25 1 27 0 1 1 1 1 1 2
2 0 9 0.5 0.5 0.5 0.5 -38 66.25 -22.5 33.5 1 0 0 0 0 0 0 0 1 1 1 1 1.265 0.25 1 27 0 1 1 1 1 1 2
2 0 9 0.5 0.5 0.5 0.5 -38 67.25 -22.5 33.5 1 0 0 0 0 0 0 0 1 1 1 1 1.265 0.25 1 27 0 1 1 1 1 1 2
2 0 9 0.5 0.5 0.5 0.5 -38 68.25 -22.5 33.5 1 0 0 0 0 0 0 0 1 1 1 1 1.265 0.25 1 27 0 1 1 1 1 1 2
2 0 9 0.5 0.5 0.5 0.5 -38 65.25 -24.5 33.5 1 0 0 0 0 0 0 0 1 1 1 1 1.265 0.25 1 27 0 1 1 1 1 1 2
2 0 9 0.5 0.5 0.5 0.5 -38 66.25 -24.5 33.5 1 0 0 0 0 0 0 0 1 1 1 1 1.265 0.25 1 27 0 1 1 1 1 1 2
2 0 9 0.5 0.5 0.5 0.5 -38 66.25 -23.5 33.5 1 0 0 0 0 0 0 0 1 1 1 1 1.265 0.25 1 27 0 1 1 1 1 1 2
2 0 9 0.5 0.5 0.5 0.5 -38 67.25 -24.5 33.5 1 0 0 0 0 0 0 0 1 1 1 1 1.265 0.25 1 27 0 1 1 1 1 1 2
2 0 9 0.5 0.5 0.5 0.5 -38 68.25 -24.5 33.5 1 0 0 0 0 0 0 0 1 1 1 1 1.265 0.25 1 27 0 1 1 1 1 1 2
2 0 9 0.5 0.5 0.5 0.5 -38 68.25 -23.5 33.5 1 0 0 0 0 0 0 0 1 1 1 1 1.265 0.25 1 27 0 1 1 1 1 1 2
2 0 9 0.5 0.5 0.5 0.5 -39 64.25 -22.5 33.5 1 0 0 0 0 0 0 0 1 1 1 1 1.265 0.25 1 27 0 1 1 1 1 1 2
2 0 9 0.5 0.5 0.5 0.5 -39 64.25 -23.5 33.5 1 0 0 0 0 0 0 0 1 1 1 1 1.265 0.25 1 27 0 1 1 1 1 1 2
2 0 9 0.5 0.5 0.5 0.5 -39 64.25 -24.5 33.5 1 0 0 0 0 0 0 0 1 1 1 1 1.265 0.25 1 27 0 1 1 1 1 1 2
2 0 9 0.5 0.5 0.5 0.5 -39 65.25 -24.5 33.5 1 0 0 0 0 0 0 0 1 1 1 1 1.265 0.25 1 27 0 1 1 1 1 1 2
2 0 9 0.5 0.5 0.5 0.5 -39 66.25 -24.5 33.5 1 0 0 0 0 0 0 0 1 1 1 1 1.265 0.25 1 27 0 1 1 1 1 1 2
2 0 9 0.5 0.5 0.5 0.5 -39 66.25 -23.5 33.5 1 0 0 0 0 0 0 0 1 1 1 1 1.265 0.25 1 27 0 1 1 1 1 1 2
2 0 9 0.5 0.5 0.5 0.5 -39 66.25 -22.5 33.5 1 0 0 0 0 0 0 0 1 1 1 1 1.265 0.25 1 27 0 1 1 1 1 1 2
2 0 9 0.5 0.5 0.5 0.5 -39 67.25 -22.5 33.5 1 0 0 0 0 0 0 0 1 1 1 1 1.265 0.25 1 27 0 1 1 1 1 1 2
2 0 9 0.5 0.5 0.5 0.5 -39 68.25 -22.5 33.5 1 0 0 0 0 0 0 0 1 1 1 1 1.265 0.25 1 27 0 1 1 1 1 1 2
2 0 9 0.5 0.5 0.5 0.5 -39 68.25 -23.5 33.5 1 0 0 0 0 0 0 0 1 1 1 1 1.265 0.25 1 27 0 1 1 1 1 1 2
2 0 9 0.5 0.5 0.5 0.5 -39 68.25 -24.5 33.5 1 0 0 0 0 0 0 0 1 1 1 1 1.265 0.25 1 27 0 1 1 1 1 1 2
2 0 9 0.5 0.5 0.5 0.5 -39 67.25 -24.5 33.5 1 0 0 0 0 0 0 0 1 1 1 1 1.265 0.25 1 27 0 1 1 1 1 1 2
2 0 4 2 2 2 2 0 65 0 0 1 0 0 0 0 0 0 0 40 40 40 40 1.265 0 0 54 0.25 1 1 1 1 0 4
2 3 9 5000 8.5 5000 5000 0 55.8 0 0 1 0 0 0 0 0 0 0 10000 16 10000 10000 1.265 0.25 0 44 0 1 1 1 1 1 2
12 1 1 70.5 0 0 -1 50 0.2 0.54 0.77 10
13 229.739
