0 6 9 0.4 1.75 0.4 0.4 13.8284 10064.87 5.26866 -7.087e-07 0.707107 0 0 0 -0.707107 0 0 0 0.4 0.4 1.75 0.4 65 0 2.5 0.25 1 0 0 0 0 0 0 0 0 0 0 0 1 30 0 1 1 1 1 5 2 0 0 0 0
0 0 3 0.5 0.5 0.5 0.5 10.8158 65.8549 -1.95623 0.557048 0.148044 0.0210074 -0.243893 -0.370294 0.257739 0.224164 -0.722211 -0.377852 1 1 1 1 1 1 1.265 0.95 1 0 -0.524581 -0.0932973 -0.857199 -0.863173 0.222896 -1.19648 -0.696176 -0.441758 -1.9054 -0.297659 1 27 0 1 1 1 1 3 2 0 0 0 0
0 0 3 0.5 0.5 0.5 0.5 -6.61036 28.2045 -26.7316 -31.1645 -0.798156 -0.0471476 0.392532 0.267347 0.279712 0.0817932 -0.214168 -0.0661162 1 1 1 1 1 1 1.265 0.95 1 0 -0.0518126 55.7296 -0.083803 -0.0976178 0.544779 0.14995 0.215249 0.212578 0.0141291 0.182436 1 27 0 1 1 1 1 3 2 0 0 0 0
0 0 3 0.5 0.5 0.5 0.5 10.8507 66.0359 -4.09505 1.07535 -0.0416223 -0.368509 0.461943 0.71642 -0.135836 0.0601015 -0.335058 0.0386273 1 1 1 1 1 1 1.265 0.95 1 0 -0.391811 0.0703813 -1.01385 -0.244811 0.00019824 -0.377604 0.415598 0.0421147 -0.700503 0.180877 1 27 0 1 1 1 1 3 2 0 0 0 0
0 0 3 0.5 0.5 0.5 0.5 10.8363 66.0497 -5.12267 1.09892 0.379693 0.0473802 0.319549 0.461308 0.318159 0.620278 -0.168011 -0.156444 1 1 1 1 1 1 1.265 0.95 1 0 -0.140743 0.35448 -1.13464 0.283483 0.678479 -0.124006 -0.220701 0.163716 -0.786131 -0.30925 1 27 0 1 1 1 1 3 2 0 0 0 0
0 0 3 0.5 0.5 0.5 0.5 10.8869 66.0692 -6.13634 1.12197 -0.450712 0.189773 0.489588 -0.586296 -0.192738 -0.114953 -0.0560094 -0.352004 1 1 1 1 1 1 1.265 0.95 1 0 0.0436029 0.510434 -1.16684 0.556758 -0.060451 -0.606979 -0.555021 -0.0995296 -0.455362 0.158781 1 27 0 1 1 1 1 3 2 0 0 0 0
0 0 3 0.5 0.5 0.5 0.5 10.6992 65.964 -3.01484 0.966281 -0.373674 0.438882 -0.0758108 0.30382 -0.0554563 0.608544 0.246641 -0.368052 1 1 1 1 1 1 1.265 0.95 1 0 -0.739881 -0.194662 -0.848963 -0.84324 1.52649 -1.73371 0.239121 -0.298415 -0.0900048 -0.186539 1 27 0 1 1 1 1 3 2 0 0 0 0
0 0 9 0.5 0.5 0.5 0.5 9.99438 65.626 1.38696 0.000225148 0.000360206 0.0376989 -2.00868e-05 2.92808e-05 0.989681 -0.13807 -0.00075959 -0.00677198 1 1 1 1 1 1 1.265 0.25 1 0 0 0 0 0 0 0 0 0 0 0 1 27 0 1 1 1 1 1 2 0 0 0 0
0 0 9 0.5 0.5 0.5 0.5 12.8335 64.4985 -2.0163 1.52436 -0.370721 0.371228 -0.520046 0.0887173 0.519171 -0.0879468 0.290196 -0.291463 1 1 1 1 1 1 1.265 0.25 1 0 0 0 0 0 0 0 0 0 0 0 1 27 0 1 1 1 1 1 2 0 0 0 0
0 0 9 0.5 0.5 0.5 0.5 13.5119 64.499 -1.8986 -2.46118 -0.712881 -0.000448363 -0.303936 -0.631047 -6.86347e-05 0.000559181 -0.0346748 -0.00032094 1 1 1 1 1 1 1.265 0.25 1 0 0 0 0 0 0 0 0 0 0 0 1 27 0 1 1 1 1 1 2 0 0 0 0
2 0 9 3.2 0.75 4.7 0.1 0 64.95 0 2.35 1 0 0 0 0 0 0 0 6.4 1.5 9.4 0.2 1.6 0.25 1 42 0 1 1 1 1 1 2
2 0 9 3.2 0.75 4.7 0.1 0 64.95 0 -2.35 1 0 0 0 0 0 0 0 6.4 1.5 9.4 0.2 1.6 0.25 1 42 0 1 1 1 1 1 2
2 5 9 0.655 0.02 1.29 0.655 10 65.11 2 0 1 0 0 0 0 0 0 0 1.31 0.04 2.58 1.31 0 0 1 44 0 0.5 1.25 0.5 1 0 2
2 5 0 1 1 1 1 10 64.62 2 0 1 0 0 0 0 0 0 0 1.67 1.02 2.94 1.67 0 0 1 44 0 0.5 1.25 0.5 1 1 2
2 5 9 0.0125 0.05 1.27 0.635 10.6475 65.16 2 0 1 0 0 0 0 0 0 0 0.025 0.1 2.54 1.27 0 1 1 44 0 0.5 1.25 0.5 1 0 2
2 5 9 0.0125 0.05 1.27 0.635 9.3525 65.16 2 0 1 0 0 0 0 0 0 0 0.025 0.1 2.54 1.27 0 1 1 44 0 0.5 1.25 0.5 1 0 2
2 5 9 0.66 0.05 0.0125 0.635 10 65.16 3.2825 0 1 0 0 0 0 0 0 0 1.32 0.1 0.025 1.27 0 1 1 44 0 0.5 1.25 0.5 1 0 2
2 5 9 0.66 0.05 0.0125 0.635 10 65.16 0.7175 0 1 0 0 0 0 0 0 0 1.32 0.1 0.025 1.27 0 1 1 44 0 0.5 1.25 0.5 1 0 2
2 5 9 0.66 0.05 1.295 0.0125 10 65.16 2 0.6475 1 0 0 0 0 0 0 0 1.32 0.1 2.59 0.025 0 1 1 44 0 0.5 1.25 0.5 1 0 2
2 5 9 0.66 0.05 1.295 0.0125 10 65.16 2 -0.6475 1 0 0 0 0 0 0 0 1.32 0.1 2.59 0.025 0 1 1 44 0 0.5 1.25 0.5 1 0 2
2 5 9 0.02 0.05 1.295 0.66 10.68 65.16 2 0 1 0 0 0 0 0 0 0 0.04 0.1 2.59 1.32 0 1 1 45 0 1 0.75 0.5 1 0 2
2 5 9 0.02 0.05 1.295 0.66 9.32 65.16 2 0 1 0 0 0 0 0 0 0 0.04 0.1 2.59 1.32 0 1 1 45 0 1 0.75 0.5 1 0 2
2 5 9 0.7 0.05 0.02 0.66 10 65.16 3.315 0 1 0 0 0 0 0 0 0 1.4 0.1 0.04 1.32 0 1 1 45 0 1 0.75 0.5 1 0 2
2 5 9 0.7 0.05 0.02 0.66 10 65.16 0.685 0 1 0 0 0 0 0 0 0 1.4 0.1 0.04 1.32 0 1 1 45 0 1 0.75 0.5 1 0 2
2 5 9 0.7 0.05 1.335 0.02 10 65.16 2 0.68 1 0 0 0 0 0 0 0 1.4 0.1 2.67 0.04 0 1 1 45 0 1 0.75 0.5 1 0 2
2 5 9 0.7 0.05 1.335 0.02 10 65.16 2 -0.68 1 0 0 0 0 0 0 0 1.4 0.1 2.67 0.04 0 1 1 45 0 1 0.75 0.5 1 0 2
2 5 0 1 1 1 1 10.735 65.16 2 0 1 0 0 0 0 0 0 0 0.2 0.6 2.54 1.27 0 1 1 44 0 0.5 1.25 0.5 1 1 2
2 5 0 1 1 1 1 9.265 65.16 2 0 1 0 0 0 0 0 0 0 0.2 0.6 2.54 1.27 0 1 1 44 0 0.5 1.25 0.5 1 1 2
2 5 0 1 1 1 1 10 65.16 3.37 0 1 0 0 0 0 0 0 0 1.67 0.6 0.2 1.27 0 1 1 44 0 0.5 1.25 0.5 1 1 2
2 5 0 1 1 1 1 10 65.16 0.63 0 1 0 0 0 0 0 0 0 1.67 0.6 0.2 1.27 0 1 1 44 0 0.5 1.25 0.5 1 1 2
2 5 0 1 1 1 1 10 65.16 2 0.735 1 0 0 0 0 0 0 0 1.67 0.6 2.94 0.2 0 1 1 44 0 0.5 1.25 0.5 1 1 2
2 5 0 1 1 1 1 10 65.16 2 -0.735 1 0 0 0 0 0 0 0 1.67 0.6 2.94 0.2 0 1 1 44 0 0.5 1.25 0.5 1 1 2
2 0 6 0.09 0.09 0.5 0.09 10.535 64.61 3.17 0.535 0.707107 0 0 0 -0.707107 0 0 0 0.18 0.18 1 0.18 1.6 0.25 1 46 0 1 0.75 0.5 1 0 2
2 0 6 0.09 0.09 0.5 0.09 9.465 64.61 3.17 0.535 0.707107 0 0 0 -0.707107 0 0 0 0.18 0.18 1 0.18 1.6 0.25 1 46 0 1 0.75 0.5 1 0 2
2 0 6 0.09 0.09 0.5 0.09 10.535 64.61 0.83 0.535 0.707107 0 0 0 -0.707107 0 0 0 0.18 0.18 1 0.18 1.6 0.25 1 46 0 1 0.75 0.5 1 0 2
2 0 6 0.09 0.09 0.5 0.09 9.465 64.61 0.83 0.535 0.707107 0 0 0 -0.707107 0 0 0 0.18 0.18 1 0.18 1.6 0.25 1 46 0 1 0.75 0.5 1 0 2
2 0 6 0.09 0.09 0.5 0.09 10.535 64.61 3.17 -0.535 0.707107 0 0 0 -0.707107 0 0 0 0.18 0.18 1 0.18 1.6 0.25 1 46 0 1 0.75 0.5 1 0 2
2 0 6 0.09 0.09 0.5 0.09 9.465 64.61 3.17 -0.535 0.707107 0 0 0 -0.707107 0 0 0 0.18 0.18 1 0.18 1.6 0.25 1 46 0 1 0.75 0.5 1 0 2
2 0 6 0.09 0.09 0.5 0.09 10.535 64.61 0.83 -0.535 0.707107 0 0 0 -0.707107 0 0 0 0.18 0.18 1 0.18 1.6 0.25 1 46 0 1 0.75 0.5 1 0 2
2 0 6 0.09 0.09 0.5 0.09 9.465 64.61 0.83 -0.535 0.707107 0 0 0 -0.707107 0 0 0 0.18 0.18 1 0.18 1.6 0.25 1 46 0 1 0.75 0.5 1 0 2
2 0 9 0.5 0.5 0.5 0.5 10.5 68.75 -1.5 0 1 0 0 0 0 0 0 0 1 1 1 1 1.265 0.25 1 27 0 1 1 1 1 1 2
2 0 9 0.5 0.5 0.5 0.5 10.5 68.75 -2.5 0 1 0 0 0 0 0 0 0 1 1 1 1 1.265 0.25 1 27 0 1 1 1 1 1 2
2 0 9 0.5 0.5 0.5 0.5 10.5 68.75 -3.5 0 1 0 0 0 0 0 0 0 1 1 1 1 1.265 0.25 1 27 0 1 1 1 1 1 2
2 0 9 0.5 0.5 0.5 0.5 10.5 68.75 -4.5 0 1 0 0 0 0 0 0 0 1 1 1 1 1.265 0.25 1 27 0 1 1 1 1 1 2
2 0 9 0.5 0.5 0.5 0.5 10.5 68.75 -5.5 0 1 0 0 0 0 0 0 0 1 1 1 1 1.265 0.25 1 27 0 1 1 1 1 1 2
2 3 9 200 8.5 200 200 0 56 0 0 1 0 0 0 0 0 0 0 400 16 400 400 1.265 0.25 0 44 0 1 1 1 1 1 2
5 0 12 6.01 3.01 9.01 4.51 0 65.45 0 0 6.01 3.01 9.01 4.51 7 6
6 8.77918 66.4659 -7.39036 -0.0300943 5 44 3 43 1 1 1 1 2
6 7.6278 66.3094 -6.17835 -0.0300944 4 43 3 43 1 1 1 1 2
6 7.16773 66.2591 -5.52626 -0.0300943 3 42 3 43 1 1 1 1 2
6 6.97849 66.0531 -5.12181 -0.0300943 1 40 3 43 1 1 1 1 2
6 7.41375 68.4076 -2.31524 -0.0300943 6 41 3 43 1 1 1 1 2
13 6.77637
