0 6 5 0.4 0.4 1.75 0.4 3.12979 66.57 3.55478 -0.208092 0.707107 0 0 0 -0.707107 0 0 0 0.4 0.4 1.75 0.4 65 0 2.5 0.25 1 0 0 0 0 0 0 0 0 0 0 0 1 12 0 1 1 1 0.25 5 2 0 0 0 0
0 0 9 2 0.25 0.25 0.25 -9.57676 77.198 2 0 -0.485597 0.874183 0 0 0 0 0 0 4 0.5 0.5 0.5 65 130 1.265 0.25 1 0 -2.01037 -1.05678 0 0 1 0 0 0 0 0 1 2 0 1 1 1 1 1 2 -2 0 0 0
0 0 9 0.75 0.25 2 0.25 -10.6335 78.896 2 0 1 0 0 0 0 0 0 0 1.5 0.5 4 0.5 65 130 1.265 0.25 1 0 -3.70837 -2.11357 0 0 0 0 0 0 0 0 1 2 0 1 1 1 1 1 2 0 0 0 0
0 5 3 0.0525 0.0525 0.0525 0.0525 9.5 82.1313 0.9 -0.5 0.88862 -0.279292 -0.0791016 -0.0501939 0.0874632 -0.0849846 -0.3179 0.0874102 0.0525 0.0525 0.0525 0.0525 0.25 0.000675 0 1 1 0 0 -9.96333 0 0 -0.000275948 -0.00349901 0.000137974 -0.00435445 0.000296644 -0.00143424 1 7 0 1 1 1 1 3 2 0 0 0 0
0 5 3 0.0525 0.0525 0.0525 0.0525 9.5 82.1313 1.1 -0.5 0.88862 -0.279292 -0.0791016 -0.0501939 0.0874632 -0.0849846 -0.3179 0.0874102 0.0525 0.0525 0.0525 0.0525 0.25 0.000675 0 1 1 0 0 -9.96333 0 0 -0.000275948 -0.00349901 0.000137974 -0.00435445 0.000296644 -0.00143424 1 3 0 1 1 1 1 3 2 0 0 0 0
0 5 3 0.0525 0.0525 0.0525 0.0525 9.5 82.1313 1.3 -0.5 0.88862 -0.279292 -0.0791016 -0.0501939 0.0874632 -0.0849846 -0.3179 0.0874102 0.0525 0.0525 0.0525 0.0525 0.25 0.000675 0 1 1 0 0 -9.96333 0 0 -0.000275948 -0.00349901 0.000137974 -0.00435445 0.000296644 -0.00143424 1 0 0 1 1 1 1 3 2 0 0 0 0
0 5 3 0.0525 0.0525 0.0525 0.0525 9.5 82.1313 1.5 -0.5 0.88862 -0.279292 -0.0791016 -0.0501939 0.0874632 -0.0849846 -0.3179 0.0874102 0.0525 0.0525 0.0525 0.0525 0.25 0.000675 0 1 1 0 0 -9.96333 0 0 -0.000275948 -0.00349901 0.000137974 -0.00435445 0.000296644 -0.00143424 1 0 0 1 1 1 1 3 2 0 0 0 0
0 5 3 0.0525 0.0525 0.0525 0.0525 9.5 82.1313 1.7 -0.5 0.88862 -0.279292 -0.0791016 -0.0501939 0.0874632 -0.0849846 -0.3179 0.0874102 0.0525 0.0525 0.0525 0.0525 0.25 0.000675 0 1 1 0 0 -9.96333 0 0 -0.000275948 -0.00349901 0.000137974 -0.00435445 0.000296644 -0.00143424 1 1 0 1 1 1 1 3 2 0 0 0 0
0 5 3 0.0525 0.0525 0.0525 0.0525 9.5 82.1313 1.9 -0.5 0.88862 -0.279292 -0.0791016 -0.0501939 0.0874632 -0.0849846 -0.3179 0.0874102 0.0525 0.0525 0.0525 0.0525 0.25 0.000675 0 1 1 0 0 -9.96333 0 0 -0.000275948 -0.00349901 0.000137974 -0.00435445 0.000296644 -0.00143424 1 4 0 1 1 1 1 3 2 0 0 0 0
0 5 3 0.0525 0.0525 0.0525 0.0525 9.5 82.1313 2.1 -0.5 0.88862 -0.279292 -0.0791016 -0.0501939 0.0874632 -0.0849846 -0.3179 0.0874102 0.0525 0.0525 0.0525 0.0525 0.25 0.000675 0 1 1 0 0 -9.96333 0 0 -0.000275948 -0.00349901 0.000137974 -0.00435445 0.000296644 -0.00143424 1 8 0 1 1 1 1 3 2 0 0 0 0
0 5 3 0.0525 0.0525 0.0525 0.0525 9.5 82.1313 2.3 -0.5 0.88862 -0.279292 -0.0791016 -0.0501939 0.0874632 -0.0849846 -0.3179 0.0874102 0.0525 0.0525 0.0525 0.0525 0.25 0.000675 0 1 1 0 0 -9.96333 0 0 -0.000275948 -0.00349901 0.000137974 -0.00435445 0.000296644 -0.00143424 1 12 0 1 1 1 1 3 2 0 0 0 0
0 5 3 0.0525 0.0525 0.0525 0.0525 9.7 82.1313 0.9 -0.5 0.88862 -0.279292 -0.0791016 -0.0501939 0.0874632 -0.0849846 -0.3179 0.0874102 0.0525 0.0525 0.0525 0.0525 0.25 0.000675 0 1 1 0 0 -9.96333 0 0 -0.000275948 -0.00349901 0.000137974 -0.00435445 0.000296644 -0.00143424 1 3 0 1 1 1 1 3 2 0 0 0 0
0 5 3 0.0525 0.0525 0.0525 0.0525 9.7 82.1313 1.1 -0.5 0.88862 -0.279292 -0.0791016 -0.0501939 0.0874632 -0.0849846 -0.3179 0.0874102 0.0525 0.0525 0.0525 0.0525 0.25 0.000675 0 1 1 0 0 -9.96333 0 0 -0.000275948 -0.00349901 0.000137974 -0.00435445 0.000296644 -0.00143424 1 0 0 1 1 1 1 3 2 0 0 0 0
0 5 3 0.0525 0.0525 0.0525 0.0525 9.7 82.1313 1.3 -0.5 0.88862 -0.279292 -0.0791016 -0.0501939 0.0874632 -0.0849846 -0.3179 0.0874102 0.0525 0.0525 0.0525 0.0525 0.25 0.000675 0 1 1 0 0 -9.96333 0 0 -0.000275948 -0.00349901 0.000137974 -0.00435445 0.000296644 -0.00143424 1 0 0 1 1 1 1 3 2 0 0 0 0
0 5 3 0.0525 0.0525 0.0525 0.0525 9.7 82.1313 1.5 -0.5 0.88862 -0.279292 -0.0791016 -0.0501939 0.0874632 -0.0849846 -0.3179 0.0874102 0.0525 0.0525 0.0525 0.0525 0.25 0.000675 0 1 1 0 0 -9.96333 0 0 -0.000275948 -0.00349901 0.000137974 -0.00435445 0.000296644 -0.00143424 1 1 0 1 1 1 1 3 2 0 0 0 0
0 5 3 0.0525 0.0525 0.0525 0.0525 9.7 82.1313 1.7 -0.5 0.88862 -0.279292 -0.0791016 -0.0501939 0.0874632 -0.0849846 -0.3179 0.0874102 0.0525 0.0525 0.0525 0.0525 0.25 0.000675 0 1 1 0 0 -9.96333 0 0 -0.000275948 -0.00349901 0.000137974 -0.00435445 0.000296644 -0.00143424 1 4 0 1 1 1 1 3 2 0 0 0 0
0 5 3 0.0525 0.0525 0.0525 0.0525 9.7 82.1313 1.9 -0.5 0.88862 -0.279292 -0.0791016 -0.0501939 0.0874632 -0.0849846 -0.3179 0.0874102 0.0525 0.0525 0.0525 0.0525 0.25 0.000675 0 1 1 0 0 -9.96333 0 0 -0.000275948 -0.00349901 0.000137974 -0.00435445 0.000296644 -0.00143424 1 8 0 1 1 1 1 3 2 0 0 0 0
0 5 3 0.0525 0.0525 0.0525 0.0525 9.7 82.1313 2.1 -0.5 0.88862 -0.279292 -0.0791016 -0.0501939 0.0874632 -0.0849846 -0.3179 0.0874102 0.0525 0.0525 0.0525 0.0525 0.25 0.000675 0 1 1 0 0 -9.96333 0 0 -0.000275948 -0.00349901 0.000137974 -0.00435445 0.000296644 -0.00143424 1 12 0 1 1 1 1 3 2 0 0 0 0
0 5 3 0.0525 0.0525 0.0525 0.0525 9.7 82.1313 2.3 -0.5 0.88862 -0.279292 -0.0791016 -0.0501939 0.0874632 -0.0849846 -0.3179 0.0874102 0.0525 0.0525 0.0525 0.0525 0.25 0.000675 0 1 1 0 0 -9.96333 0 0 -0.000275948 -0.00349901 0.000137974 -0.00435445 0.000296644 -0.00143424 1 13 0 1 1 1 1 3 2 0 0 0 0
0 5 3 0.0525 0.0525 0.0525 0.0525 9.9 82.1313 0.9 -0.5 0.88862 -0.279292 -0.0791016 -0.0501939 0.0874632 -0.0849846 -0.3179 0.0874102 0.0525 0.0525 0.0525 0.0525 0.25 0.000675 0 1 1 0 0 -9.96333 0 0 -0.000275948 -0.00349901 0.000137974 -0.00435445 0.000296644 -0.00143424 1 0 0 1 1 1 1 3 2 0 0 0 0
0 5 3 0.0525 0.0525 0.0525 0.0525 9.9 82.1313 1.1 -0.5 0.88862 -0.279292 -0.0791016 -0.0501939 0.0874632 -0.0849846 -0.3179 0.0874102 0.0525 0.0525 0.0525 0.0525 0.25 0.000675 0 1 1 0 0 -9.96333 0 0 -0.000275948 -0.00349901 0.000137974 -0.00435445 0.000296644 -0.00143424 1 0 0 1 1 1 1 3 2 0 0 0 0
0 5 3 0.0525 0.0525 0.0525 0.0525 9.9 82.1313 1.3 -0.5 0.88862 -0.279292 -0.0791016 -0.0501939 0.0874632 -0.0849846 -0.3179 0.0874102 0.0525 0.0525 0.0525 0.0525 0.25 0.000675 0 1 1 0 0 -9.96333 0 0 -0.000275948 -0.00349901 0.000137974 -0.00435445 0.000296644 -0.00143424 1 1 0 1 1 1 1 3 2 0 0 0 0
0 5 3 0.0525 0.0525 0.0525 0.0525 9.9 82.1313 1.5 -0.5 0.88862 -0.279292 -0.0791016 -0.0501939 0.0874632 -0.0849846 -0.3179 0.0874102 0.0525 0.0525 0.0525 0.0525 0.25 0.000675 0 1 1 0 0 -9.96333 0 0 -0.000275948 -0.00349901 0.000137974 -0.00435445 0.000296644 -0.00143424 1 4 0 1 1 1 1 3 2 0 0 0 0
0 5 3 0.0525 0.0525 0.0525 0.0525 9.9 82.1313 1.7 -0.5 0.88862 -0.279292 -0.0791016 -0.0501939 0.0874632 -0.0849846 -0.3179 0.0874102 0.0525 0.0525 0.0525 0.0525 0.25 0.000675 0 1 1 0 0 -9.96333 0 0 -0.000275948 -0.00349901 0.000137974 -0.00435445 0.000296644 -0.00143424 1 8 0 1 1 1 1 3 2 0 0 0 0
0 5 3 0.0525 0.0525 0.0525 0.0525 9.9 82.1313 1.9 -0.5 0.88862 -0.279292 -0.0791016 -0.0501939 0.0874632 -0.0849846 -0.3179 0.0874102 0.0525 0.0525 0.0525 0.0525 0.25 0.000675 0 1 1 0 0 -9.96333 0 0 -0.000275948 -0.00349901 0.000137974 -0.00435445 0.000296644 -0.00143424 1 12 0 1 1 1 1 3 2 0 0 0 0
0 5 3 0.0525 0.0525 0.0525 0.0525 9.9 82.1313 2.1 -0.5 0.88862 -0.279292 -0.0791016 -0.0501939 0.0874632 -0.0849846 -0.3179 0.0874102 0.0525 0.0525 0.0525 0.0525 0.25 0.000675 0 1 1 0 0 -9.96333 0 0 -0.000275948 -0.00349901 0.000137974 -0.00435445 0.000296644 -0.00143424 1 13 0 1 1 1 1 3 2 0 0 0 0
0 5 3 0.0525 0.0525 0.0525 0.0525 9.9 82.1313 2.3 -0.5 0.88862 -0.279292 -0.0791016 -0.0501939 0.0874632 -0.0849846 -0.3179 0.0874102 0.0525 0.0525 0.0525 0.0525 0.25 0.000675 0 1 1 0 0 -9.96333 0 0 -0.000275948 -0.00349901 0.000137974 -0.00435445 0.000296644 -0.00143424 1 13 0 1 1 1 1 3 2 0 0 0 0
0 5 3 0.0525 0.0525 0.0525 0.0525 10.1 82.1313 0.9 -0.5 0.88862 -0.279292 -0.0791016 -0.0501939 0.0874632 -0.0849846 -0.3179 0.0874102 0.0525 0.0525 0.0525 0.0525 0.25 0.000675 0 1 1 0 0 -9.96333 0 0 -0.000275948 -0.00349901 0.000137974 -0.00435445 0.000296644 -0.00143424 1 0 0 1 1 1 1 3 2 0 0 0 0
0 5 3 0.0525 0.0525 0.0525 0.0525 10.1 82.1313 1.1 -0.5 0.88862 -0.279292 -0.0791016 -0.0501939 0.0874632 -0.0849846 -0.3179 0.0874102 0.0525 0.0525 0.0525 0.0525 0.25 0.000675 0 1 1 0 0 -9.96333 0 0 -0.000275948 -0.00349901 0.000137974 -0.00435445 0.000296644 -0.00143424 1 1 0 1 1 1 1 3 2 0 0 0 0
0 5 3 0.0525 0.0525 0.0525 0.0525 10.1 82.1313 1.3 -0.5 0.88862 -0.279292 -0.0791016 -0.0501939 0.0874632 -0.0849846 -0.3179 0.0874102 0.0525 0.0525 0.0525 0.0525 0.25 0.000675 0 1 1 0 0 -9.96333 0 0 -0.000275948 -0.00349901 0.000137974 -0.00435445 0.000296644 -0.00143424 1 4 0 1 1 1 1 3 2 0 0 0 0
0 5 3 0.0525 0.0525 0.0525 0.0525 10.1 82.1313 1.5 -0.5 0.88862 -0.279292 -0.0791016 -0.0501939 0.0874632 -0.0849846 -0.3179 0.0874102 0.0525 0.0525 0.0525 0.0525 0.25 0.000675 0 1 1 0 0 -9.96333 0 0 -0.000275948 -0.00349901 0.000137974 -0.00435445 0.000296644 -0.00143424 1 8 0 1 1 1 1 3 2 0 0 0 0
0 5 3 0.0525 0.0525 0.0525 0.0525 10.1 82.1313 1.7 -0.5 0.88862 -0.279292 -0.0791016 -0.0501939 0.0874632 -0.0849846 -0.3179 0.0874102 0.0525 0.0525 0.0525 0.0525 0.25 0.000675 0 1 1 0 0 -9.96333 0 0 -0.000275948 -0.00349901 0.000137974 -0.00435445 0.000296644 -0.00143424 1 12 0 1 1 1 1 3 2 0 0 0 0
0 5 3 0.0525 0.0525 0.0525 0.0525 10.1 82.1313 1.9 -0.5 0.88862 -0.279292 -0.0791016 -0.0501939 0.0874632 -0.0849846 -0.3179 0.0874102 0.0525 0.0525 0.0525 0.0525 0.25 0.000675 0 1 1 0 0 -9.96333 0 0 -0.000275948 -0.00349901 0.000137974 -0.00435445 0.000296644 -0.00143424 1 13 0 1 1 1 1 3 2 0 0 0 0
0 5 3 0.0525 0.0525 0.0525 0.0525 10.1 82.1313 2.1 -0.5 0.88862 -0.279292 -0.0791016 -0.0501939 0.0874632 -0.0849846 -0.3179 0.0874102 0.0525 0.0525 0.0525 0.0525 0.25 0.000675 0 1 1 0 0 -9.96333 0 0 -0.000275948 -0.00349901 0.000137974 -0.00435445 0.000296644 -0.00143424 1 13 0 1 1 1 1 3 2 0 0 0 0
0 5 3 0.0525 0.0525 0.0525 0.0525 10.1 82.1313 2.3 -0.5 0.88862 -0.279292 -0.0791016 -0.0501939 0.0874632 -0.0849846 -0.3179 0.0874102 0.0525 0.0525 0.0525 0.0525 0.25 0.000675 0 1 1 0 0 -9.96333 0 0 -0.000275948 -0.00349901 0.000137974 -0.00435445 0.000296644 -0.00143424 1 11 0 1 1 1 1 3 2 0 0 0 0
0 0 9 0.5 0.5 0.5 0.5 176.721 124.396 -12.5095 3.67324 0.954754 -0.26714 0.0863605 -0.0628025 -0.0281086 -0.00702519 -0.0663047 0.0210365 1 1 1 1 1 0.5 1.265 0.25 1 0 31.8415 -17.9591 -0.441385 0.646198 -4.10473 0.848399 -0.639367 -0.0451294 0.0881994 0.0161749 1 46 0 1 1 1 1 1 2 0 0 0 0
0 0 9 0.5 0.5 0.5 0.5 15.996 64.4974 -13.3856 -1.78229 -0.548964 -0.0790914 -0.146598 -0.0786246 -0.412433 0.551877 0.410285 -0.147335 1 1 1 1 10 5 1.265 0.25 1 0 0 0 0 0 0 0 0 0 0 0 1 46 0 1 1 1 1 1 2 0 0 0 0
0 0 9 4 0.5 3 3 14.8369 65.2798 -14.5308 -0.639005 0.0107215 0.971806 -0.105218 0.0163697 -0.0738144 -0.118681 0.0158148 0.156065 8 1 6 6 10 25 1.265 0.25 1 0 0 0 0 0 0 0 0 0 0 0 1 46 0 1 1 1 1 1 2 0 0 0 0
0 0 3 0.5 0.5 0.5 0.5 8.24281 66.8795 -11.1397 0.462536 0.0249453 0.237939 0.663675 0.104455 -0.56419 -0.0747185 -0.00363704 -0.409245 1 1 1 1 1 1 1.265 0.25 1 0 4.79567 -0.00023067 -13.3943 -3.73649 -1.90351 -6.59592 -1.85617 2.37818 0.989153 0.278574 1 27 0 1 1 1 1 3 2 0 0 0 0
0 0 3 0.5 0.5 0.5 0.5 4.67913 66.8794 -11.3422 -0.20141 0.367083 0.00951056 -0.386539 0.119786 0.210152 0.522862 0.0114655 0.61945 1 1 1 1 1 1 1.265 0.25 1 0 -0.0908483 0.000255346 14.3083 3.14727 -1.48634 -16.253 -0.336094 9.71858 0.0914385 -5.40361 1 27 0 1 1 1 1 3 2 0 0 0 0
2 0 9 0.5 1.5 0.5 0.5 0 66 -10 0 1 0 0 0 0 0 0 0 1 3 1 1 1.265 0.25 1 30 0 1 1 1 1 1 2
2 0 9 3.2 0.75 4.7 0.1 0 64.95 0 2.35 1 0 0 0 0 0 0 0 6.4 1.5 9.4 0.2 1.6 0.25 1 42 0 1 1 1 1 1 2
2 0 9 3.2 0.75 4.7 0.1 0 64.95 0 -2.35 1 0 0 0 0 0 0 0 6.4 1.5 9.4 0.2 1.6 0.25 1 42 0 1 1 1 1 1 2
2 0 9 3.2 0.75 0.1 2.25 0 64.95 4.6 0 1 0 0 0 0 0 0 0 6.4 1.5 0.2 4.5 1.6 0.25 1 42 0 1 1 1 1 1 2
2 0 9 3.2 0.75 0.1 2.25 0 64.95 -4.6 0 1 0 0 0 0 0 0 0 6.4 1.5 0.2 4.5 1.6 0.25 1 42 0 1 1 1 1 1 2
2 0 9 3.2 0.1 4.7 2.45 0 64.1 0 0 1 0 0 0 0 0 0 0 6.4 0.2 9.4 4.9 1.6 0.25 1 42 0 1 1 1 1 1 2
2 0 9 0.1 0.75 4.5 2.25 3.1 64.95 0 0 1 0 0 0 0 0 0 0 0.2 1.5 9 4.5 1.6 0.25 1 42 0 1 1 1 1 1 2
2 0 9 0.1 0.75 4.5 2.25 -3.1 64.95 0 0 1 0 0 0 0 0 0 0 0.2 1.5 9 4.5 1.6 0.25 1 42 0 1 1 1 1 1 2
2 5 9 0.655 0.02 1.29 0.655 10 65.11 2 0 1 0 0 0 0 0 0 0 1.31 0.04 2.58 1.31 0 0 1 44 0 0.5 1.25 0.5 1 0 2
2 5 0 1 1 1 1 10 64.62 2 0 1 0 0 0 0 0 0 0 1.67 1.02 2.94 1.67 0 0 1 44 0 0.5 1.25 0.5 1 1 2
2 5 9 0.0125 0.05 1.27 0.635 10.6475 65.16 2 0 1 0 0 0 0 0 0 0 0.025 0.1 2.54 1.27 0 1 1 44 0 0.5 1.25 0.5 1 0 2
2 5 9 0.0125 0.05 1.27 0.635 9.3525 65.16 2 0 1 0 0 0 0 0 0 0 0.025 0.1 2.54 1.27 0 1 1 44 0 0.5 1.25 0.5 1 0 2
2 5 9 0.66 0.05 0.0125 0.635 10 65.16 3.2825 0 1 0 0 0 0 0 0 0 1.32 0.1 0.025 1.27 0 1 1 44 0 0.5 1.25 0.5 1 0 2
2 5 9 0.66 0.05 0.0125 0.635 10 65.16 0.7175 0 1 0 0 0 0 0 0 0 1.32 0.1 0.025 1.27 0 1 1 44 0 0.5 1.25 0.5 1 0 2
2 5 9 0.66 0.05 1.295 0.0125 10 65.16 2 0.6475 1 0 0 0 0 0 0 0 1.32 0.1 2.59 0.025 0 1 1 44 0 0.5 1.25 0.5 1 0 2
2 5 9 0.66 0.05 1.295 0.0125 10 65.16 2 -0.6475 1 0 0 0 0 0 0 0 1.32 0.1 2.59 0.025 0 1 1 44 0 0.5 1.25 0.5 1 0 2
2 5 9 0.02 0.05 1.295 0.66 10.68 65.16 2 0 1 0 0 0 0 0 0 0 0.04 0.1 2.59 1.32 0 1 1 45 0 1 0.75 0.5 1 0 2
2 5 9 0.02 0.05 1.295 0.66 9.32 65.16 2 0 1 0 0 0 0 0 0 0 0.04 0.1 2.59 1.32 0 1 1 45 0 1 0.75 0.5 1 0 2
2 5 9 0.7 0.05 0.02 0.66 10 65.16 3.315 0 1 0 0 0 0 0 0 0 1.4 0.1 0.04 1.32 0 1 1 45 0 1 0.75 0.5 1 0 2
2 5 9 0.7 0.05 0.02 0.66 10 65.16 0.685 0 1 0 0 0 0 0 0 0 1.4 0.1 0.04 1.32 0 1 1 45 0 1 0.75 0.5 1 0 2
2 5 9 0.7 0.05 1.335 0.02 10 65.16 2 0.68 1 0 0 0 0 0 0 0 1.4 0.1 2.67 0.04 0 1 1 45 0 1 0.75 0.5 1 0 2
2 5 9 0.7 0.05 1.335 0.02 10 65.16 2 -0.68 1 0 0 0 0 0 0 0 1.4 0.1 2.67 0.04 0 1 1 45 0 1 0.75 0.5 1 0 2
2 5 0 1 1 1 1 10.735 65.16 2 0 1 0 0 0 0 0 0 0 0.2 0.6 2.54 1.27 0 1 1 44 0 0.5 1.25 0.5 1 1 2
2 5 0 1 1 1 1 9.265 65.16 2 0 1 0 0 0 0 0 0 0 0.2 0.6 2.54 1.27 0 1 1 44 0 0.5 1.25 0.5 1 1 2
2 5 0 1 1 1 1 10 65.16 3.37 0 1 0 0 0 0 0 0 0 1.67 0.6 0.2 1.27 0 1 1 44 0 0.5 1.25 0.5 1 1 2
2 5 0 1 1 1 1 10 65.16 0.63 0 1 0 0 0 0 0 0 0 1.67 0.6 0.2 1.27 0 1 1 44 0 0.5 1.25 0.5 1 1 2
2 5 0 1 1 1 1 10 65.16 2 0.735 1 0 0 0 0 0 0 0 1.67 0.6 2.94 0.2 0 1 1 44 0 0.5 1.25 0.5 1 1 2
2 5 0 1 1 1 1 10 65.16 2 -0.735 1 0 0 0 0 0 0 0 1.67 0.6 2.94 0.2 0 1 1 44 0 0.5 1.25 0.5 1 1 2
2 0 6 0.09 0.09 0.5 0.09 10.535 64.61 3.17 0.535 0.707107 0 0 0 -0.707107 0 0 0 0.18 0.18 1 0.18 1.6 0.25 1 46 0 1 0.75 0.5 1 0 2
2 0 6 0.09 0.09 0.5 0.09 9.465 64.61 3.17 0.535 0.707107 0 0 0 -0.707107 0 0 0 0.18 0.18 1 0.18 1.6 0.25 1 46 0 1 0.75 0.5 1 0 2
2 0 6 0.09 0.09 0.5 0.09 10.535 64.61 0.83 0.535 0.707107 0 0 0 -0.707107 0 0 0 0.18 0.18 1 0.18 1.6 0.25 1 46 0 1 0.75 0.5 1 0 2
2 0 6 0.09 0.09 0.5 0.09 9.465 64.61 0.83 0.535 0.707107 0 0 0 -0.707107 0 0 0 0.18 0.18 1 0.18 1.6 0.25 1 46 0 1 0.75 0.5 1 0 2
2 0 6 0.09 0.09 0.5 0.09 10.535 64.61 3.17 -0.535 0.707107 0 0 0 -0.707107 0 0 0 0.18 0.18 1 0.18 1.6 0.25 1 46 0 1 0.75 0.5 1 0 2
2 0 6 0.09 0.09 0.5 0.09 9.465 64.61 3.17 -0.535 0.707107 0 0 0 -0.707107 0 0 0 0.18 0.18 1 0.18 1.6 0.25 1 46 0 1 0.75 0.5 1 0 2
2 0 6 0.09 0.09 0.5 0.09 10.535 64.61 0.83 -0.535 0.707107 0 0 0 -0.707107 0 0 0 0.18 0.18 1 0.18 1.6 0.25 1 46 0 1 0.75 0.5 1 0 2
2 0 6 0.09 0.09 0.5 0.09 9.465 64.61 0.83 -0.535 0.707107 0 0 0 -0.707107 0 0 0 0.18 0.18 1 0.18 1.6 0.25 1 46 0 1 0.75 0.5 1 0 2
2 2 8 0.4 0.4 0.4 0.4 0 64.2 -9 0 1 0 0 0 0 0 0 0 0.4 0.4 0.4 0.4 1.265 0.25 0 42 0 1.89 1.155 0.945 1 4 2
2 0 9 0.5 0.5 0.5 0.5 6.5 64.5 -11.5 0 1 0 0 0 0 0 0 0 1 1 1 1 1.265 0.25 1 27 0 1 1 1 1 1 2
2 0 9 0.5 0.5 0.5 0.5 6.5 69.25 -11.5 0 1 0 0 0 0 0 0 0 1 1 1 1 1.265 0.25 1 27 0 1 1 1 1 1 2
2 3 9 200 8.5 200 200 0 56 0 0 1 0 0 0 0 0 0 0 400 16 400 400 1.265 0.25 0 44 0 1 1 1 1 1 2
5 0 12 6.01 3.01 9.01 4.51 0 65.45 0 0 6.01 3.01 9.01 4.51 7 6
6 5.4531 68.2144 -7.89437 -0.0286014 38 77 3 43 1 1 1 1 2
6 5.61951 69.3967 -8.36136 -0.0286014 38 78 3 43 1 1 1 1 2
6 4.50009 68.2069 -8.31049 -0.0286014 39 77 3 43 1 1 1 1 2
6 4.81265 69.3867 -8.7029 -0.0286014 39 78 3 43 1 1 1 1 2
9 -9.5 75.5 2 0 1 0.5 1 1
10 -9.5 75.5 2 0 0 0 0 0 1 0 0 0 0 0 0 0 1 0 0 0 0 0 1 1 -1
10 0 0 0 0 2 0 0 0 1 0 0 0 0 0 0 0 0 0 0 0 0 0 1 2 1
13 424.68
