0 6 9 0.4 0.4 1.4 0.4 62.414 93.5359 -15.4966 -9.01843 0.707107 0 0 0 -0.707107 0 0 0 0.4 0.4 1.4 0.4 65 0 1.265 0.25 0 0 -0.00576056 -0.00256397 8.26755e-11 -0.000519676 0 0 0 0 0 0 1 13 0 1 1 1 1 5 1 2 0 0 0 0
0 0 9 0.5 0.5 0.5 0.5 54.8029 89.2961 -15.4966 0.455462 -0.147346 -0.989085 -8.68033e-07 4.79809e-07 9.93139e-07 -1.24034e-07 4.17233e-07 2.84612e-06 1 1 1 1 1 0.8 1.265 0.25 1 0 -1.14073 -1.93565 -3.15355e-06 9.8231e-07 2.99412 4.4898e-06 -9.29536e-07 -6.31575e-07 9.44412e-07 -9.99212e-12 1 27 0 1 1 1 1 1 1 2 0 0 0 0
2 0 9 0.5 1.5 0.5 0.5 0 66 -10 0 1 0 0 0 0 0 0 0 1 3 1 1 1.265 0.25 1 30 0 1 1 1 1 1 2
2 0 9 3.2 0.75 4.7 0.1 0 64.95 0 2.35 1 0 0 0 0 0 0 0 6.4 1.5 9.4 0.2 1.6 0.25 1 42 0 1 1 1 1 1 2
2 0 9 3.2 0.75 4.7 0.1 0 64.95 0 -2.35 1 0 0 0 0 0 0 0 6.4 1.5 9.4 0.2 1.6 0.25 1 42 0 1 1 1 1 1 2
2 0 9 3.2 0.75 0.1 2.25 0 64.95 4.6 0 1 0 0 0 0 0 0 0 6.4 1.5 0.2 4.5 1.6 0.25 1 42 0 1 1 1 1 1 2
2 0 9 3.2 0.75 0.1 2.25 0 64.95 -4.6 0 1 0 0 0 0 0 0 0 6.4 1.5 0.2 4.5 1.6 0.25 1 42 0 1 1 1 1 1 2
2 0 9 3.2 0.1 4.7 2.45 0 64.1 0 0 1 0 0 0 0 0 0 0 6.4 0.2 9.4 4.9 1.6 0.25 1 42 0 1 1 1 1 1 2
2 0 9 0.1 0.75 4.5 2.25 3.1 64.95 0 0 1 0 0 0 0 0 0 0 0.2 1.5 9 4.5 1.6 0.25 1 42 0 1 1 1 1 1 2
2 0 9 0.1 0.75 4.5 2.25 -3.1 64.95 0 0 1 0 0 0 0 0 0 0 0.2 1.5 9 4.5 1.6 0.25 1 42 0 1 1 1 1 1 2
2 5 9 0.655 0.02 1.29 0.655 10 65.11 2 0 1 0 0 0 0 0 0 0 1.31 0.04 2.58 1.31 0 0 1 44 0 0.5 1.25 0.5 1 0 2
2 5 0 1 1 1 1 10 64.62 2 0 1 0 0 0 0 0 0 0 1.67 1.02 2.94 1.67 0 0 1 44 0 0.5 1.25 0.5 1 1 2
2 5 9 0.0125 0.05 1.27 0.635 10.6475 65.16 2 0 1 0 0 0 0 0 0 0 0.025 0.1 2.54 1.27 0 1 1 44 0 0.5 1.25 0.5 1 0 2
2 5 9 0.0125 0.05 1.27 0.635 9.3525 65.16 2 0 1 0 0 0 0 0 0 0 0.025 0.1 2.54 1.27 0 1 1 44 0 0.5 1.25 0.5 1 0 2
2 5 9 0.66 0.05 0.0125 0.635 10 65.16 3.2825 0 1 0 0 0 0 0 0 0 1.32 0.1 0.025 1.27 0 1 1 44 0 0.5 1.25 0.5 1 0 2
2 5 9 0.66 0.05 0.0125 0.635 10 65.16 0.7175 0 1 0 0 0 0 0 0 0 1.32 0.1 0.025 1.27 0 1 1 44 0 0.5 1.25 0.5 1 0 2
2 5 9 0.66 0.05 1.295 0.0125 10 65.16 2 0.6475 1 0 0 0 0 0 0 0 1.32 0.1 2.59 0.025 0 1 1 44 0 0.5 1.25 0.5 1 0 2
2 5 9 0.66 0.05 1.295 0.0125 10 65.16 2 -0.6475 1 0 0 0 0 0 0 0 1.32 0.1 2.59 0.025 0 1 1 44 0 0.5 1.25 0.5 1 0 2
2 5 9 0.02 0.05 1.295 0.66 10.68 65.16 2 0 1 0 0 0 0 0 0 0 0.04 0.1 2.59 1.32 0 1 1 45 0 1 0.75 0.5 1 0 2
2 5 9 0.02 0.05 1.295 0.66 9.32 65.16 2 0 1 0 0 0 0 0 0 0 0.04 0.1 2.59 1.32 0 1 1 45 0 1 0.75 0.5 1 0 2
2 5 9 0.7 0.05 0.02 0.66 10 65.16 3.315 0 1 0 0 0 0 0 0 0 1.4 0.1 0.04 1.32 0 1 1 45 0 1 0.75 0.5 1 0 2
2 5 9 0.7 0.05 0.02 0.66 10 65.16 0.685 0 1 0 0 0 0 0 0 0 1.4 0.1 0.04 1.32 0 1 1 45 0 1 0.75 0.5 1 0 2
2 5 9 0.7 0.05 1.335 0.02 10 65.16 2 0.68 1 0 0 0 0 0 0 0 1.4 0.1 2.67 0.04 0 1 1 45 0 1 0.75 0.5 1 0 2
2 5 9 0.7 0.05 1.335 0.02 10 65.16 2 -0.68 1 0 0 0 0 0 0 0 1.4 0.1 2.67 0.04 0 1 1 45 0 1 0.75 0.5 1 0 2
2 5 0 1 1 1 1 10.735 65.16 2 0 1 0 0 0 0 0 0 0 0.2 0.6 2.54 1.27 0 1 1 44 0 0.5 1.25 0.5 1 1 2
2 5 0 1 1 1 1 9.265 65.16 2 0 1 0 0 0 0 0 0 0 0.2 0.6 2.54 1.27 0 1 1 44 0 0.5 1.25 0.5 1 1 2
2 5 0 1 1 1 1 10 65.16 3.37 0 1 0 0 0 0 0 0 0 1.67 0.6 0.2 1.27 0 1 1 44 0 0.5 1.25 0.5 1 1 2
2 5 0 1 1 1 1 10 65.16 0.63 0 1 0 0 0 0 0 0 0 1.67 0.6 0.2 1.27 0 1 1 44 0 0.5 1.25 0.5 1 1 2
2 5 0 1 1 1 1 10 65.16 2 0.735 1 0 0 0 0 0 0 0 1.67 0.6 2.94 0.2 0 1 1 44 0 0.5 1.25 0.5 1 1 2
2 5 0 1 1 1 1 10 65.16 2 -0.735 1 0 0 0 0 0 0 0 1.67 0.6 2.94 0.2 0 1 1 44 0 0.5 1.25 0.5 1 1 2
2 0 6 0.09 0.09 0.5 0.09 10.535 64.61 3.17 0.535 0.707107 0 0 0 -0.707107 0 0 0 0.18 0.18 1 0.18 1.6 0.25 1 46 0 1 0.75 0.5 1 0 2
2 0 6 0.09 0.09 0.5 0.09 9.465 64.61 3.17 0.535 0.707107 0 0 0 -0.707107 0 0 0 0.18 0.18 1 0.18 1.6 0.25 1 46 0 1 0.75 0.5 1 0 2
2 0 6 0.09 0.09 0.5 0.09 10.535 64.61 0.83 0.535 0.707107 0 0 0 -0.707107 0 0 0 0.18 0.18 1 0.18 1.6 0.25 1 46 0 1 0.75 0.5 1 0 2
2 0 6 0.09 0.09 0.5 0.09 9.465 64.61 0.83 0.535 0.707107 0 0 0 -0.707107 0 0 0 0.18 0.18 1 0.18 1.6 0.25 1 46 0 1 0.75 0.5 1 0 2
2 0 6 0.09 0.09 0.5 0.09 10.535 64.61 3.17 -0.535 0.707107 0 0 0 -0.707107 0 0 0 0.18 0.18 1 0.18 1.6 0.25 1 46 0 1 0.75 0.5 1 0 2
2 0 6 0.09 0.09 0.5 0.09 9.465 64.61 3.17 -0.535 0.707107 0 0 0 -0.707107 0 0 0 0.18 0.18 1 0.18 1.6 0.25 1 46 0 1 0.75 0.5 1 0 2
2 0 6 0.09 0.09 0.5 0.09 10.535 64.61 0.83 -0.535 0.707107 0 0 0 -0.707107 0 0 0 0.18 0.18 1 0.18 1.6 0.25 1 46 0 1 0.75 0.5 1 0 2
2 0 6 0.09 0.09 0.5 0.09 9.465 64.61 0.83 -0.535 0.707107 0 0 0 -0.707107 0 0 0 0.18 0.18 1 0.18 1.6 0.25 1 46 0 1 0.75 0.5 1 0 2
2 2 8 0.4 0.4 0.4 0.4 0 64.2 -9 0 1 0 0 0 0 0 0 0 0.4 0.4 0.4 0.4 1.265 0.25 0 42 0 1.89 1.155 0.945 1 4 2
2 3 9 200 8.5 200 200 0 56 0 0 1 0 0 0 0 0 0 0 400 16 400 400 1.265 0.25 0 44 0 1 1 1 1 1 2
2 0 2 50 25 0.5 0.5 55.5 89 -15.5 0.5 1 0 0 0 0 0 0 0 100 50 1 1 1.265 0.25 1 27 0 1 1 1 1 4 2
5 0 12 6.01 3.01 9.01 4.51 0 65.45 0 0 6.01 3.01 9.01 4.51 7 6
13 0