0 6 5 0.4 0.4 1.4 0.4 -0.391949 68.991 -1.10583 3.10325e-10 0.707107 0 0 0 -0.707107 0 0 0 0.4 0.4 1.4 0.4 65 0 2.5 0.25 0 0 2.15262e-09 1.26594e-09 8.2899e-10 1.32151e-18 0 0 0 0 0 0 1 12 0 1 1 1 0.25 5 2 0 0 0 0
2 0 9 0.5 1.5 0.5 0.5 0 66 -10 0 1 0 0 0 0 0 0 0 1 3 1 1 1.265 0.25 1 30 0 1 1 1 1 1 2
2 0 9 3.2 0.75 4.7 0.1 0 64.95 0 2.35 1 0 0 0 0 0 0 0 6.4 1.5 9.4 0.2 1.6 0.25 1 42 0 1 1 1 1 1 2
2 0 9 3.2 0.75 4.7 0.1 0 64.95 0 -2.35 1 0 0 0 0 0 0 0 6.4 1.5 9.4 0.2 1.6 0.25 1 42 0 1 1 1 1 1 2
2 0 9 3.2 0.75 0.1 2.25 0 64.95 4.6 0 1 0 0 0 0 0 0 0 6.4 1.5 0.2 4.5 1.6 0.25 1 42 0 1 1 1 1 1 2
2 0 9 3.2 0.75 0.1 2.25 0 64.95 -4.6 0 1 0 0 0 0 0 0 0 6.4 1.5 0.2 4.5 1.6 0.25 1 42 0 1 1 1 1 1 2
2 0 9 3.2 0.1 4.7 2.45 0 64.1 0 0 1 0 0 0 0 0 0 0 6.4 0.2 9.4 4.9 1.6 0.25 1 42 0 1 1 1 1 1 2
2 0 9 0.1 0.75 4.5 2.25 3.1 64.95 0 0 1 0 0 0 0 0 0 0 0.2 1.5 9 4.5 1.6 0.25 1 42 0 1 1 1 1 1 2
2 0 9 0.1 0.75 4.5 2.25 -3.1 64.95 0 0 1 0 0 0 0 0 0 0 0.2 1.5 9 4.5 1.6 0.25 1 42 0 1 1 1 1 1 2
2 5 9 0.655 0.02 1.29 0.655 10 65.11 2 0 1 0 0 0 0 0 0 0 1.31 0.04 2.58 1.31 0 0 1 44 0 0.5 1.25 0.5 1 0 2
2 5 0 1 1 1 1 10 64.62 2 0 1 0 0 0 0 0 0 0 1.67 1.02 2.94 1.67 0 0 1 44 0 0.5 1.25 0.5 1 1 2
2 5 9 0.0125 0.05 1.27 0.635 10.6475 65.16 2 0 1 0 0 0 0 0 0 0 0.025 0.1 2.54 1.27 0 1 1 44 0 0.5 1.25 0.5 1 0 2
2 5 9 0.0125 0.05 1.27 0.635 9.3525 65.16 2 0 1 0 0 0 0 0 0 0 0.025 0.1 2.54 1.27 0 1 1 44 0 0.5 1.25 0.5 1 0 2
2 5 9 0.66 0.05 0.0125 0.635 10 65.16 3.2825 0 1 0 0 0 0 0 0 0 1.32 0.1 0.025 1.27 0 1 1 44 0 0.5 1.25 0.5 1 0 2
2 5 9 0.66 0.05 0.0125 0.635 10 65.16 0.7175 0 1 0 0 0 0 0 0 0 1.32 0.1 0.025 1.27 0 1 1 44 0 0.5 1.25 0.5 1 0 2
2 5 9 0.66 0.05 1.295 0.0125 10 65.16 2 0.6475 1 0 0 0 0 0 0 0 1.32 0.1 2.59 0.025 0 1 1 44 0 0.5 1.25 0.5 1 0 2
2 5 9 0.66 0.05 1.295 0.0125 10 65.16 2 -0.6475 1 0 0 0 0 0 0 0 1.32 0.1 2.59 0.025 0 1 1 44 0 0.5 1.25 0.5 1 0 2
2 5 9 0.02 0.05 1.295 0.66 10.68 65.16 2 0 1 0 0 0 0 0 0 0 0.04 0.1 2.59 1.32 0 1 1 45 0 1 0.75 0.5 1 0 2
2 5 9 0.02 0.05 1.295 0.66 9.32 65.16 2 0 1 0 0 0 0 0 0 0 0.04 0.1 2.59 1.32 0 1 1 45 0 1 0.75 0.5 1 0 2
2 5 9 0.7 0.05 0.02 0.66 10 65.16 3.315 0 1 0 0 0 0 0 0 0 1.4 0.1 0.04 1.32 0 1 1 45 0 1 0.75 0.5 1 0 2
2 5 9 0.7 0.05 0.02 0.66 10 65.16 0.685 0 1 0 0 0 0 0 0 0 1.4 0.1 0.04 1.32 0 1 1 45 0 1 0.75 0.5 1 0 2
2 5 9 0.7 0.05 1.335 0.02 10 65.16 2 0.68 1 0 0 0 0 0 0 0 1.4 0.1 2.67 0.04 0 1 1 45 0 1 0.75 0.5 1 0 2
2 5 9 0.7 0.05 1.335 0.02 10 65.16 2 -0.68 1 0 0 0 0 0 0 0 1.4 0.1 2.67 0.04 0 1 1 45 0 1 0.75 0.5 1 0 2
2 5 0 1 1 1 1 10.735 65.16 2 0 1 0 0 0 0 0 0 0 0.2 0.6 2.54 1.27 0 1 1 44 0 0.5 1.25 0.5 1 1 2
2 5 0 1 1 1 1 9.265 65.16 2 0 1 0 0 0 0 0 0 0 0.2 0.6 2.54 1.27 0 1 1 44 0 0.5 1.25 0.5 1 1 2
2 5 0 1 1 1 1 10 65.16 3.37 0 1 0 0 0 0 0 0 0 1.67 0.6 0.2 1.27 0 1 1 44 0 0.5 1.25 0.5 1 1 2
2 5 0 1 1 1 1 10 65.16 0.63 0 1 0 0 0 0 0 0 0 1.67 0.6 0.2 1.27 0 1 1 44 0 0.5 1.25 0.5 1 1 2
2 5 0 1 1 1 1 10 65.16 2 0.735 1 0 0 0 0 0 0 0 1.67 0.6 2.94 0.2 0 1 1 44 0 0.5 1.25 0.5 1 1 2
2 5 0 1 1 1 1 10 65.16 2 -0.735 1 0 0 0 0 0 0 0 1.67 0.6 2.94 0.2 0 1 1 44 0 0.5 1.25 0.5 1 1 2
2 0 6 0.09 0.09 0.5 0.09 10.535 64.61 3.17 0.535 0.707107 0 0 0 -0.707107 0 0 0 0.18 0.18 1 0.18 1.6 0.25 1 46 0 1 0.75 0.5 1 0 2
2 0 6 0.09 0.09 0.5 0.09 9.465 64.61 3.17 0.535 0.707107 0 0 0 -0.707107 0 0 0 0.18 0.18 1 0.18 1.6 0.25 1 46 0 1 0.75 0.5 1 0 2
2 0 6 0.09 0.09 0.5 0.09 10.535 64.61 0.83 0.535 0.707107 0 0 0 -0.707107 0 0 0 0.18 0.18 1 0.18 1.6 0.25 1 46 0 1 0.75 0.5 1 0 2
2 0 6 0.09 0.09 0.5 0.09 9.465 64.61 0.83 0.535 0.707107 0 0 0 -0.707107 0 0 0 0.18 0.18 1 0.18 1.6 0.25 1 46 0 1 0.75 0.5 1 0 2
2 0 6 0.09 0.09 0.5 0.09 10.535 64.61 3.17 -0.535 0.707107 0 0 0 -0.707107 0 0 0 0.18 0.18 1 0.18 1.6 0.25 1 46 0 1 0.75 0.5 1 0 2
2 0 6 0.09 0.09 0.5 0.09 9.465 64.61 3.17 -0.535 0.707107 0 0 0 -0.707107 0 0 0 0.18 0.18 1 0.18 1.6 0.25 1 46 0 1 0.75 0.5 1 0 2
2 0 6 0.09 0.09 0.5 0.09 10.535 64.61 0.83 -0.535 0.707107 0 0 0 -0.707107 0 0 0 0.18 0.18 1 0.18 1.6 0.25 1 46 0 1 0.75 0.5 1 0 2
2 0 6 0.09 0.09 0.5 0.09 9.465 64.61 0.83 -0.535 0.707107 0 0 0 -0.707107 0 0 0 0.18 0.18 1 0.18 1.6 0.25 1 46 0 1 0.75 0.5 1 0 2
2 2 8 0.4 0.4 0.4 0.4 0 64.2 -9 0 1 0 0 0 0 0 0 0 0.4 0.4 0.4 0.4 1.265 0.25 0 42 0 1.89 1.155 0.945 1 4 2
2 0 1 2.5 0.5 2.5 2.5 -9 64.5 -1.5 0 1 0 0 0 0 0 0 0 5 1 5 5 1.265 0.25 1 27 0 1 1 1 1 4 2
2 3 9 200 8.5 200 200 0 56 0 0 1 0 0 0 0 0 0 0 400 16 400 400 1.265 0.25 0 44 0 1 1 1 1 1 2
5 0 12 6.01 3.01 9.01 4.51 0 65.45 0 0 6.01 3.01 9.01 4.51 7 6
13 178.839
