0 6 9 0.4 1.4 0.4 0.4 25.1365 55.56 -27.302 9.1069 0.707107 0 0 0 -0.707107 0 0 0 0.4 0.4 1.4 0.4 65 0 1.6 0.25 0 0 -2.59497e-06 0.002223 1.55657e-05 -1.95552e-06 0 0 0 0 0 0 1 30 0 1 1 1 1 5 1 2 0 0 0 0
4 0 -28 0 -28 -28 8 8 8 8 1.6 0.25 6 5
4 0 -20 0 -28 -28 8 8 8 8 1.6 0.25 6 5
4 0 -12 0 -28 -28 8 8 8 8 1.6 0.25 6 5
4 0 -4 0 -28 -28 8 8 8 8 1.6 0.25 6 5
4 0 4 0 -28 -28 8 8 8 8 1.6 0.25 6 5
4 0 12 0 -28 -28 8 8 8 8 1.6 0.25 6 5
4 0 20 0 -28 -28 8 8 8 8 1.6 0.25 6 5
4 0 28 0 -28 -28 8 8 8 8 1.6 0.25 6 5
4 0 -28 0 -20 -28 8 8 8 8 1.6 0.25 6 5
4 0 -20 0 -20 -28 8 8 8 8 1.6 0.25 6 5
4 0 -12 0 -20 -28 8 8 8 8 1.6 0.25 6 5
4 0 -4 0 -20 -28 8 8 8 8 1.6 0.25 6 5
4 0 4 0 -20 -28 8 8 8 8 1.6 0.25 6 5
4 0 12 0 -20 -28 8 8 8 8 1.6 0.25 6 5
4 0 20 0 -20 -28 8 8 8 8 1.6 0.25 6 5
4 0 28 0 -20 -28 8 8 8 8 1.6 0.25 6 5
4 0 -28 0 -12 -28 8 8 8 8 1.6 0.25 6 5
4 0 -20 0 -12 -28 8 8 8 8 1.6 0.25 6 5
4 0 -12 0 -12 -28 8 8 8 8 1.6 0.25 6 5
4 0 -4 0 -12 -28 8 8 8 8 1.6 0.25 6 5
4 0 4 0 -12 -28 8 8 8 8 1.6 0.25 6 5
4 0 12 0 -12 -28 8 8 8 8 1.6 0.25 6 5
4 0 20 0 -12 -28 8 8 8 8 1.6 0.25 6 5
4 0 28 0 -12 -28 8 8 8 8 1.6 0.25 6 5
4 0 -28 0 -4 -28 8 8 8 8 1.6 0.25 6 5
4 0 -20 0 -4 -28 8 8 8 8 1.6 0.25 6 5
4 0 -12 0 -4 -28 8 8 8 8 1.6 0.25 6 5
4 0 -4 0 -4 -28 8 8 8 8 1.6 0.25 6 5
4 0 4 0 -4 -28 8 8 8 8 1.6 0.25 6 5
4 0 12 0 -4 -28 8 8 8 8 1.6 0.25 6 5
4 0 20 0 -4 -28 8 8 8 8 1.6 0.25 6 5
4 0 28 0 -4 -28 8 8 8 8 1.6 0.25 6 5
4 0 -28 0 4 -28 8 8 8 8 1.6 0.25 6 5
4 0 -20 0 4 -28 8 8 8 8 1.6 0.25 6 5
4 0 -12 0 4 -28 8 8 8 8 1.6 0.25 6 5
4 0 -4 0 4 -28 8 8 8 8 1.6 0.25 6 5
4 0 4 0 4 -28 8 8 8 8 1.6 0.25 6 5
4 0 12 0 4 -28 8 8 8 8 1.6 0.25 6 5
4 0 20 0 4 -28 8 8 8 8 1.6 0.25 6 5
4 0 28 0 4 -28 8 8 8 8 1.6 0.25 6 5
4 0 -28 0 12 -28 8 8 8 8 1.6 0.25 6 5
4 0 -20 0 12 -28 8 8 8 8 1.6 0.25 6 5
4 0 -12 0 12 -28 8 8 8 8 1.6 0.25 6 5
4 0 -4 0 12 -28 8 8 8 8 1.6 0.25 6 5
4 0 4 0 12 -28 8 8 8 8 1.6 0.25 6 5
4 0 12 0 12 -28 8 8 8 8 1.6 0.25 6 5
4 0 20 0 12 -28 8 8 8 8 1.6 0.25 6 5
4 0 28 0 12 -28 8 8 8 8 1.6 0.25 6 5
4 0 -28 0 20 -28 8 8 8 8 1.6 0.25 6 5
4 0 -20 0 20 -28 8 8 8 8 1.6 0.25 6 5
4 0 -12 0 20 -28 8 8 8 8 1.6 0.25 6 5
4 0 -4 0 20 -28 8 8 8 8 1.6 0.25 6 5
4 0 4 0 20 -28 8 8 8 8 1.6 0.25 6 5
4 0 12 0 20 -28 8 8 8 8 1.6 0.25 6 5
4 0 20 0 20 -28 8 8 8 8 1.6 0.25 6 5
4 0 28 0 20 -28 8 8 8 8 1.6 0.25 6 5
4 0 -28 0 28 -28 8 8 8 8 1.6 0.25 6 5
4 0 -20 0 28 -28 8 8 8 8 1.6 0.25 6 5
4 0 -12 0 28 -28 8 8 8 8 1.6 0.25 6 5
4 0 -4 0 28 -28 8 8 8 8 1.6 0.25 6 5
4 0 4 0 28 -28 8 8 8 8 1.6 0.25 6 5
4 0 12 0 28 -28 8 8 8 8 1.6 0.25 6 5
4 0 20 0 28 -28 8 8 8 8 1.6 0.25 6 5
4 0 28 0 28 -28 8 8 8 8 1.6 0.25 6 5
4 0 -28 0 -28 -20 8 8 8 8 1.6 0.25 6 5
4 0 -20 0 -28 -20 8 8 8 8 1.6 0.25 6 5
4 0 -12 0 -28 -20 8 8 8 8 1.6 0.25 6 5
4 0 -4 0 -28 -20 8 8 8 8 1.6 0.25 6 5
4 0 4 0 -28 -20 8 8 8 8 1.6 0.25 6 5
4 0 12 0 -28 -20 8 8 8 8 1.6 0.25 6 5
4 0 20 0 -28 -20 8 8 8 8 1.6 0.25 6 5
4 0 28 0 -28 -20 8 8 8 8 1.6 0.25 6 5
4 0 -28 0 -20 -20 8 8 8 8 1.6 0.25 6 5
4 0 -20 0 -20 -20 8 8 8 8 1.6 0.25 6 5
4 0 -12 0 -20 -20 8 8 8 8 1.6 0.25 6 5
4 0 -4 0 -20 -20 8 8 8 8 1.6 0.25 6 5
4 0 4 0 -20 -20 8 8 8 8 1.6 0.25 6 5
4 0 12 0 -20 -20 8 8 8 8 1.6 0.25 6 5
4 0 20 0 -20 -20 8 8 8 8 1.6 0.25 6 5
4 0 28 0 -20 -20 8 8 8 8 1.6 0.25 6 5
4 0 -28 0 -12 -20 8 8 8 8 1.6 0.25 6 5
4 0 -20 0 -12 -20 8 8 8 8 1.6 0.25 6 5
4 0 -12 0 -12 -20 8 8 8 8 1.6 0.25 6 5
4 0 -4 0 -12 -20 8 8 8 8 1.6 0.25 6 5
4 0 4 0 -12 -20 8 8 8 8 1.6 0.25 6 5
4 0 12 0 -12 -20 8 8 8 8 1.6 0.25 6 5
4 0 20 0 -12 -20 8 8 8 8 1.6 0.25 6 5
4 0 28 0 -12 -20 8 8 8 8 1.6 0.25 6 5
4 0 -28 0 -4 -20 8 8 8 8 1.6 0.25 6 5
4 0 -20 0 -4 -20 8 8 8 8 1.6 0.25 6 5
4 0 -12 0 -4 -20 8 8 8 8 1.6 0.25 6 5
4 0 -4 0 -4 -20 8 8 8 8 1.6 0.25 6 5
4 0 4 0 -4 -20 8 8 8 8 1.6 0.25 6 5
4 0 12 0 -4 -20 8 8 8 8 1.6 0.25 6 5
4 0 20 0 -4 -20 8 8 8 8 1.6 0.25 6 5
4 0 28 0 -4 -20 8 8 8 8 1.6 0.25 6 5
4 0 -28 0 4 -20 8 8 8 8 1.6 0.25 6 5
4 0 -20 0 4 -20 8 8 8 8 1.6 0.25 6 5
4 0 -12 0 4 -20 8 8 8 8 1.6 0.25 6 5
4 0 -4 0 4 -20 8 8 8 8 1.6 0.25 6 5
4 0 4 0 4 -20 8 8 8 8 1.6 0.25 6 5
4 0 12 0 4 -20 8 8 8 8 1.6 0.25 6 5
4 0 20 0 4 -20 8 8 8 8 1.6 0.25 6 5
4 0 28 0 4 -20 8 8 8 8 1.6 0.25 6 5
4 0 -28 0 12 -20 8 8 8 8 1.6 0.25 6 5
4 0 -20 0 12 -20 8 8 8 8 1.6 0.25 6 5
4 0 -12 0 12 -20 8 8 8 8 1.6 0.25 6 5
4 0 -4 0 12 -20 8 8 8 8 1.6 0.25 6 5
4 0 4 0 12 -20 8 8 8 8 1.6 0.25 6 5
4 0 12 0 12 -20 8 8 8 8 1.6 0.25 6 5
4 0 20 0 12 -20 8 8 8 8 1.6 0.25 6 5
4 0 28 0 12 -20 8 8 8 8 1.6 0.25 6 5
4 0 -28 0 20 -20 8 8 8 8 1.6 0.25 6 5
4 0 -20 0 20 -20 8 8 8 8 1.6 0.25 6 5
4 0 -12 0 20 -20 8 8 8 8 1.6 0.25 6 5
4 0 -4 0 20 -20 8 8 8 8 1.6 0.25 6 5
4 0 4 0 20 -20 8 8 8 8 1.6 0.25 6 5
4 0 12 0 20 -20 8 8 8 8 1.6 0.25 6 5
4 0 20 0 20 -20 8 8 8 8 1.6 0.25 6 5
4 0 28 0 20 -20 8 8 8 8 1.6 0.25 6 5
4 0 -28 0 28 -20 8 8 8 8 1.6 0.25 6 5
4 0 -20 0 28 -20 8 8 8 8 1.6 0.25 6 5
4 0 -12 0 28 -20 8 8 8 8 1.6 0.25 6 5
4 0 -4 0 28 -20 8 8 8 8 1.6 0.25 6 5
4 0 4 0 28 -20 8 8 8 8 1.6 0.25 6 5
4 0 12 0 28 -20 8 8 8 8 1.6 0.25 6 5
4 0 20 0 28 -20 8 8 8 8 1.6 0.25 6 5
4 0 28 0 28 -20 8 8 8 8 1.6 0.25 6 5
4 0 -28 0 -28 -12 8 8 8 8 1.6 0.25 6 5
4 0 -20 0 -28 -12 8 8 8 8 1.6 0.25 6 5
4 0 -12 0 -28 -12 8 8 8 8 1.6 0.25 6 5
4 0 -4 0 -28 -12 8 8 8 8 1.6 0.25 6 5
4 0 4 0 -28 -12 8 8 8 8 1.6 0.25 6 5
4 0 12 0 -28 -12 8 8 8 8 1.6 0.25 6 5
4 0 20 0 -28 -12 8 8 8 8 1.6 0.25 6 5
4 0 28 0 -28 -12 8 8 8 8 1.6 0.25 6 5
4 0 -28 0 -20 -12 8 8 8 8 1.6 0.25 6 5
4 0 -20 0 -20 -12 8 8 8 8 1.6 0.25 6 5
4 0 -12 0 -20 -12 8 8 8 8 1.6 0.25 6 5
4 0 -4 0 -20 -12 8 8 8 8 1.6 0.25 6 5
4 0 4 0 -20 -12 8 8 8 8 1.6 0.25 6 5
4 0 12 0 -20 -12 8 8 8 8 1.6 0.25 6 5
4 0 20 0 -20 -12 8 8 8 8 1.6 0.25 6 5
4 0 28 0 -20 -12 8 8 8 8 1.6 0.25 6 5
4 0 -28 0 -12 -12 8 8 8 8 1.6 0.25 6 5
4 0 -20 0 -12 -12 8 8 8 8 1.6 0.25 6 5
4 0 -12 0 -12 -12 8 8 8 8 1.6 0.25 6 5
4 0 -4 0 -12 -12 8 8 8 8 1.6 0.25 6 5
4 0 4 0 -12 -12 8 8 8 8 1.6 0.25 6 5
4 0 12 0 -12 -12 8 8 8 8 1.6 0.25 6 5
4 0 20 0 -12 -12 8 8 8 8 1.6 0.25 6 5
4 0 28 0 -12 -12 8 8 8 8 1.6 0.25 6 5
4 0 -28 0 -4 -12 8 8 8 8 1.6 0.25 6 5
4 0 -20 0 -4 -12 8 8 8 8 1.6 0.25 6 5
4 0 -12 0 -4 -12 8 8 8 8 1.6 0.25 6 5
4 0 -4 0 -4 -12 8 8 8 8 1.6 0.25 6 5
4 0 4 0 -4 -12 8 8 8 8 1.6 0.25 6 5
4 0 12 0 -4 -12 8 8 8 8 1.6 0.25 6 5
4 0 20 0 -4 -12 8 8 8 8 1.6 0.25 6 5
4 0 28 0 -4 -12 8 8 8 8 1.6 0.25 6 5
4 0 -28 0 4 -12 8 8 8 8 1.6 0.25 6 5
4 0 -20 0 4 -12 8 8 8 8 1.6 0.25 6 5
4 0 -12 0 4 -12 8 8 8 8 1.6 0.25 6 5
4 0 -4 0 4 -12 8 8 8 8 1.6 0.25 6 5
4 0 4 0 4 -12 8 8 8 8 1.6 0.25 6 5
4 0 12 0 4 -12 8 8 8 8 1.6 0.25 6 5
4 0 20 0 4 -12 8 8 8 8 1.6 0.25 6 5
4 0 28 0 4 -12 8 8 8 8 1.6 0.25 6 5
4 0 -28 0 12 -12 8 8 8 8 1.6 0.25 6 5
4 0 -20 0 12 -12 8 8 8 8 1.6 0.25 6 5
4 0 -12 0 12 -12 8 8 8 8 1.6 0.25 6 5
4 0 -4 0 12 -12 8 8 8 8 1.6 0.25 6 5
4 0 4 0 12 -12 8 8 8 8 1.6 0.25 6 5
4 0 12 0 12 -12 8 8 8 8 1.6 0.25 6 5
4 0 20 0 12 -12 8 8 8 8 1.6 0.25 6 5
4 0 28 0 12 -12 8 8 8 8 1.6 0.25 6 5
4 0 -28 0 20 -12 8 8 8 8 1.6 0.25 6 5
4 0 -20 0 20 -12 8 8 8 8 1.6 0.25 6 5
4 0 -12 0 20 -12 8 8 8 8 1.6 0.25 6 5
4 0 -4 0 20 -12 8 8 8 8 1.6 0.25 6 5
4 0 4 0 20 -12 8 8 8 8 1.6 0.25 6 5
4 0 12 0 20 -12 8 8 8 8 1.6 0.25 6 5
4 0 20 0 20 -12 8 8 8 8 1.6 0.25 6 5
4 0 28 0 20 -12 8 8 8 8 1.6 0.25 6 5
4 0 -28 0 28 -12 8 8 8 8 1.6 0.25 6 5
4 0 -20 0 28 -12 8 8 8 8 1.6 0.25 6 5
4 0 -12 0 28 -12 8 8 8 8 1.6 0.25 6 5
4 0 -4 0 28 -12 8 8 8 8 1.6 0.25 6 5
4 0 4 0 28 -12 8 8 8 8 1.6 0.25 6 5
4 0 12 0 28 -12 8 8 8 8 1.6 0.25 6 5
4 0 20 0 28 -12 8 8 8 8 1.6 0.25 6 5
4 0 28 0 28 -12 8 8 8 8 1.6 0.25 6 5
4 0 -28 0 -28 -4 8 8 8 8 1.6 0.25 6 5
4 0 -20 0 -28 -4 8 8 8 8 1.6 0.25 6 5
4 0 -12 0 -28 -4 8 8 8 8 1.6 0.25 6 5
4 0 -4 0 -28 -4 8 8 8 8 1.6 0.25 6 5
4 0 4 0 -28 -4 8 8 8 8 1.6 0.25 6 5
4 0 12 0 -28 -4 8 8 8 8 1.6 0.25 6 5
4 0 20 0 -28 -4 8 8 8 8 1.6 0.25 6 5
4 0 28 0 -28 -4 8 8 8 8 1.6 0.25 6 5
4 0 -28 0 -20 -4 8 8 8 8 1.6 0.25 6 5
4 0 -20 0 -20 -4 8 8 8 8 1.6 0.25 6 5
4 0 -12 0 -20 -4 8 8 8 8 1.6 0.25 6 5
4 0 -4 0 -20 -4 8 8 8 8 1.6 0.25 6 5
4 0 4 0 -20 -4 8 8 8 8 1.6 0.25 6 5
4 0 12 0 -20 -4 8 8 8 8 1.6 0.25 6 5
4 0 20 0 -20 -4 8 8 8 8 1.6 0.25 6 5
4 0 28 0 -20 -4 8 8 8 8 1.6 0.25 6 5
4 0 -28 0 -12 -4 8 8 8 8 1.6 0.25 6 5
4 0 -20 0 -12 -4 8 8 8 8 1.6 0.25 6 5
4 0 -12 0 -12 -4 8 8 8 8 1.6 0.25 6 5
4 0 -4 0 -12 -4 8 8 8 8 1.6 0.25 6 5
4 0 4 0 -12 -4 8 8 8 8 1.6 0.25 6 5
4 0 12 0 -12 -4 8 8 8 8 1.6 0.25 6 5
4 0 20 0 -12 -4 8 8 8 8 1.6 0.25 6 5
4 0 28 0 -12 -4 8 8 8 8 1.6 0.25 6 5
4 0 -28 0 -4 -4 8 8 8 8 1.6 0.25 6 5
4 0 -20 0 -4 -4 8 8 8 8 1.6 0.25 6 5
4 0 -12 0 -4 -4 8 8 8 8 1.6 0.25 6 5
4 0 -4 0 -4 -4 8 8 8 8 1.6 0.25 6 5
4 0 4 0 -4 -4 8 8 8 8 1.6 0.25 6 5
4 0 12 0 -4 -4 8 8 8 8 1.6 0.25 6 5
4 0 20 0 -4 -4 8 8 8 8 1.6 0.25 6 5
4 0 28 0 -4 -4 8 8 8 8 1.6 0.25 6 5
4 0 -28 0 4 -4 8 8 8 8 1.6 0.25 6 5
4 0 -20 0 4 -4 8 8 8 8 1.6 0.25 6 5
4 0 -12 0 4 -4 8 8 8 8 1.6 0.25 6 5
4 0 -4 0 4 -4 8 8 8 8 1.6 0.25 6 5
4 0 4 0 4 -4 8 8 8 8 1.6 0.25 6 5
4 0 12 0 4 -4 8 8 8 8 1.6 0.25 6 5
4 0 20 0 4 -4 8 8 8 8 1.6 0.25 6 5
4 0 28 0 4 -4 8 8 8 8 1.6 0.25 6 5
4 0 -28 0 12 -4 8 8 8 8 1.6 0.25 6 5
4 0 -20 0 12 -4 8 8 8 8 1.6 0.25 6 5
4 0 -12 0 12 -4 8 8 8 8 1.6 0.25 6 5
4 0 -4 0 12 -4 8 8 8 8 1.6 0.25 6 5
4 0 4 0 12 -4 8 8 8 8 1.6 0.25 6 5
4 0 12 0 12 -4 8 8 8 8 1.6 0.25 6 5
4 0 20 0 12 -4 8 8 8 8 1.6 0.25 6 5
4 0 28 0 12 -4 8 8 8 8 1.6 0.25 6 5
4 0 -28 0 20 -4 8 8 8 8 1.6 0.25 6 5
4 0 -20 0 20 -4 8 8 8 8 1.6 0.25 6 5
4 0 -12 0 20 -4 8 8 8 8 1.6 0.25 6 5
4 0 -4 0 20 -4 8 8 8 8 1.6 0.25 6 5
4 0 4 0 20 -4 8 8 8 8 1.6 0.25 6 5
4 0 12 0 20 -4 8 8 8 8 1.6 0.25 6 5
4 0 20 0 20 -4 8 8 8 8 1.6 0.25 6 5
4 0 28 0 20 -4 8 8 8 8 1.6 0.25 6 5
4 0 -28 0 28 -4 8 8 8 8 1.6 0.25 6 5
4 0 -20 0 28 -4 8 8 8 8 1.6 0.25 6 5
4 0 -12 0 28 -4 8 8 8 8 1.6 0.25 6 5
4 0 -4 0 28 -4 8 8 8 8 1.6 0.25 6 5
4 0 4 0 28 -4 8 8 8 8 1.6 0.25 6 5
4 0 12 0 28 -4 8 8 8 8 1.6 0.25 6 5
4 0 20 0 28 -4 8 8 8 8 1.6 0.25 6 5
4 0 28 0 28 -4 8 8 8 8 1.6 0.25 6 5
4 0 -28 0 -28 4 8 8 8 8 1.6 0.25 6 5
4 0 -20 0 -28 4 8 8 8 8 1.6 0.25 6 5
4 0 -12 0 -28 4 8 8 8 8 1.6 0.25 6 5
4 0 -4 0 -28 4 8 8 8 8 1.6 0.25 6 5
4 0 4 0 -28 4 8 8 8 8 1.6 0.25 6 5
4 0 12 0 -28 4 8 8 8 8 1.6 0.25 6 5
4 0 20 0 -28 4 8 8 8 8 1.6 0.25 6 5
4 0 28 0 -28 4 8 8 8 8 1.6 0.25 6 5
4 0 -28 0 -20 4 8 8 8 8 1.6 0.25 6 5
4 0 -20 0 -20 4 8 8 8 8 1.6 0.25 6 5
4 0 -12 0 -20 4 8 8 8 8 1.6 0.25 6 5
4 0 -4 0 -20 4 8 8 8 8 1.6 0.25 6 5
4 0 4 0 -20 4 8 8 8 8 1.6 0.25 6 5
4 0 12 0 -20 4 8 8 8 8 1.6 0.25 6 5
4 0 20 0 -20 4 8 8 8 8 1.6 0.25 6 5
4 0 28 0 -20 4 8 8 8 8 1.6 0.25 6 5
4 0 -28 0 -12 4 8 8 8 8 1.6 0.25 6 5
4 0 -20 0 -12 4 8 8 8 8 1.6 0.25 6 5
4 0 -12 0 -12 4 8 8 8 8 1.6 0.25 6 5
4 0 -4 0 -12 4 8 8 8 8 1.6 0.25 6 5
4 0 4 0 -12 4 8 8 8 8 1.6 0.25 6 5
4 0 12 0 -12 4 8 8 8 8 1.6 0.25 6 5
4 0 20 0 -12 4 8 8 8 8 1.6 0.25 6 5
4 0 28 0 -12 4 8 8 8 8 1.6 0.25 6 5
4 0 -28 0 -4 4 8 8 8 8 1.6 0.25 6 5
4 0 -20 0 -4 4 8 8 8 8 1.6 0.25 6 5
4 0 -12 0 -4 4 8 8 8 8 1.6 0.25 6 5
4 0 -4 0 -4 4 8 8 8 8 1.6 0.25 6 5
4 0 4 0 -4 4 8 8 8 8 1.6 0.25 6 5
4 0 12 0 -4 4 8 8 8 8 1.6 0.25 6 5
4 0 20 0 -4 4 8 8 8 8 1.6 0.25 6 5
4 0 28 0 -4 4 8 8 8 8 1.6 0.25 6 5
4 0 -28 0 4 4 8 8 8 8 1.6 0.25 6 5
4 0 -20 0 4 4 8 8 8 8 1.6 0.25 6 5
4 0 -12 0 4 4 8 8 8 8 1.6 0.25 6 5
4 0 -4 0 4 4 8 8 8 8 1.6 0.25 6 5
4 0 4 0 4 4 8 8 8 8 1.6 0.25 6 5
4 0 12 0 4 4 8 8 8 8 1.6 0.25 6 5
4 0 20 0 4 4 8 8 8 8 1.6 0.25 6 5
4 0 28 0 4 4 8 8 8 8 1.6 0.25 6 5
4 0 -28 0 12 4 8 8 8 8 1.6 0.25 6 5
4 0 -20 0 12 4 8 8 8 8 1.6 0.25 6 5
4 0 -12 0 12 4 8 8 8 8 1.6 0.25 6 5
4 0 -4 0 12 4 8 8 8 8 1.6 0.25 6 5
4 0 4 0 12 4 8 8 8 8 1.6 0.25 6 5
4 0 12 0 12 4 8 8 8 8 1.6 0.25 6 5
4 0 20 0 12 4 8 8 8 8 1.6 0.25 6 5
4 0 28 0 12 4 8 8 8 8 1.6 0.25 6 5
4 0 -28 0 20 4 8 8 8 8 1.6 0.25 6 5
4 0 -20 0 20 4 8 8 8 8 1.6 0.25 6 5
4 0 -12 0 20 4 8 8 8 8 1.6 0.25 6 5
4 0 -4 0 20 4 8 8 8 8 1.6 0.25 6 5
4 0 4 0 20 4 8 8 8 8 1.6 0.25 6 5
4 0 12 0 20 4 8 8 8 8 1.6 0.25 6 5
4 0 20 0 20 4 8 8 8 8 1.6 0.25 6 5
4 0 28 0 20 4 8 8 8 8 1.6 0.25 6 5
4 0 -28 0 28 4 8 8 8 8 1.6 0.25 6 5
4 0 -20 0 28 4 8 8 8 8 1.6 0.25 6 5
4 0 -12 0 28 4 8 8 8 8 1.6 0.25 6 5
4 0 -4 0 28 4 8 8 8 8 1.6 0.25 6 5
4 0 4 0 28 4 8 8 8 8 1.6 0.25 6 5
4 0 12 0 28 4 8 8 8 8 1.6 0.25 6 5
4 0 20 0 28 4 8 8 8 8 1.6 0.25 6 5
4 0 28 0 28 4 8 8 8 8 1.6 0.25 6 5
4 0 -28 0 -28 12 8 8 8 8 1.6 0.25 6 5
4 0 -20 0 -28 12 8 8 8 8 1.6 0.25 6 5
4 0 -12 0 -28 12 8 8 8 8 1.6 0.25 6 5
4 0 -4 0 -28 12 8 8 8 8 1.6 0.25 6 5
4 0 4 0 -28 12 8 8 8 8 1.6 0.25 6 5
4 0 12 0 -28 12 8 8 8 8 1.6 0.25 6 5
4 0 20 0 -28 12 8 8 8 8 1.6 0.25 6 5
4 0 28 0 -28 12 8 8 8 8 1.6 0.25 6 5
4 0 -28 0 -20 12 8 8 8 8 1.6 0.25 6 5
4 0 -20 0 -20 12 8 8 8 8 1.6 0.25 6 5
4 0 -12 0 -20 12 8 8 8 8 1.6 0.25 6 5
4 0 -4 0 -20 12 8 8 8 8 1.6 0.25 6 5
4 0 4 0 -20 12 8 8 8 8 1.6 0.25 6 5
4 0 12 0 -20 12 8 8 8 8 1.6 0.25 6 5
4 0 20 0 -20 12 8 8 8 8 1.6 0.25 6 5
4 0 28 0 -20 12 8 8 8 8 1.6 0.25 6 5
4 0 -28 0 -12 12 8 8 8 8 1.6 0.25 6 5
4 0 -20 0 -12 12 8 8 8 8 1.6 0.25 6 5
4 0 -12 0 -12 12 8 8 8 8 1.6 0.25 6 5
4 0 -4 0 -12 12 8 8 8 8 1.6 0.25 6 5
4 0 4 0 -12 12 8 8 8 8 1.6 0.25 6 5
4 0 12 0 -12 12 8 8 8 8 1.6 0.25 6 5
4 0 20 0 -12 12 8 8 8 8 1.6 0.25 6 5
4 0 28 0 -12 12 8 8 8 8 1.6 0.25 6 5
4 0 -28 0 -4 12 8 8 8 8 1.6 0.25 6 5
4 0 -20 0 -4 12 8 8 8 8 1.6 0.25 6 5
4 0 -12 0 -4 12 8 8 8 8 1.6 0.25 6 5
4 0 -4 0 -4 12 8 8 8 8 1.6 0.25 6 5
4 0 4 0 -4 12 8 8 8 8 1.6 0.25 6 5
4 0 12 0 -4 12 8 8 8 8 1.6 0.25 6 5
4 0 20 0 -4 12 8 8 8 8 1.6 0.25 6 5
4 0 28 0 -4 12 8 8 8 8 1.6 0.25 6 5
4 0 -28 0 4 12 8 8 8 8 1.6 0.25 6 5
4 0 -20 0 4 12 8 8 8 8 1.6 0.25 6 5
4 0 -12 0 4 12 8 8 8 8 1.6 0.25 6 5
4 0 -4 0 4 12 8 8 8 8 1.6 0.25 6 5
4 0 4 0 4 12 8 8 8 8 1.6 0.25 6 5
4 0 12 0 4 12 8 8 8 8 1.6 0.25 6 5
4 0 20 0 4 12 8 8 8 8 1.6 0.25 6 5
4 0 28 0 4 12 8 8 8 8 1.6 0.25 6 5
4 0 -28 0 12 12 8 8 8 8 1.6 0.25 6 5
4 0 -20 0 12 12 8 8 8 8 1.6 0.25 6 5
4 0 -12 0 12 12 8 8 8 8 1.6 0.25 6 5
4 0 -4 0 12 12 8 8 8 8 1.6 0.25 6 5
4 0 4 0 12 12 8 8 8 8 1.6 0.25 6 5
4 0 12 0 12 12 8 8 8 8 1.6 0.25 6 5
4 0 20 0 12 12 8 8 8 8 1.6 0.25 6 5
4 0 28 0 12 12 8 8 8 8 1.6 0.25 6 5
4 0 -28 0 20 12 8 8 8 8 1.6 0.25 6 5
4 0 -20 0 20 12 8 8 8 8 1.6 0.25 6 5
4 0 -12 0 20 12 8 8 8 8 1.6 0.25 6 5
4 0 -4 0 20 12 8 8 8 8 1.6 0.25 6 5
4 0 4 0 20 12 8 8 8 8 1.6 0.25 6 5
4 0 12 0 20 12 8 8 8 8 1.6 0.25 6 5
4 0 20 0 20 12 8 8 8 8 1.6 0.25 6 5
4 0 28 0 20 12 8 8 8 8 1.6 0.25 6 5
4 0 -28 0 28 12 8 8 8 8 1.6 0.25 6 5
4 0 -20 0 28 12 8 8 8 8 1.6 0.25 6 5
4 0 -12 0 28 12 8 8 8 8 1.6 0.25 6 5
4 0 -4 0 28 12 8 8 8 8 1.6 0.25 6 5
4 0 4 0 28 12 8 8 8 8 1.6 0.25 6 5
4 0 12 0 28 12 8 8 8 8 1.6 0.25 6 5
4 0 20 0 28 12 8 8 8 8 1.6 0.25 6 5
4 0 28 0 28 12 8 8 8 8 1.6 0.25 6 5
4 0 -28 0 -28 20 8 8 8 8 1.6 0.25 6 5
4 0 -20 0 -28 20 8 8 8 8 1.6 0.25 6 5
4 0 -12 0 -28 20 8 8 8 8 1.6 0.25 6 5
4 0 -4 0 -28 20 8 8 8 8 1.6 0.25 6 5
4 0 4 0 -28 20 8 8 8 8 1.6 0.25 6 5
4 0 12 0 -28 20 8 8 8 8 1.6 0.25 6 5
4 0 20 0 -28 20 8 8 8 8 1.6 0.25 6 5
4 0 28 0 -28 20 8 8 8 8 1.6 0.25 6 5
4 0 -28 0 -20 20 8 8 8 8 1.6 0.25 6 5
4 0 -20 0 -20 20 8 8 8 8 1.6 0.25 6 5
4 0 -12 0 -20 20 8 8 8 8 1.6 0.25 6 5
4 0 -4 0 -20 20 8 8 8 8 1.6 0.25 6 5
4 0 4 0 -20 20 8 8 8 8 1.6 0.25 6 5
4 0 12 0 -20 20 8 8 8 8 1.6 0.25 6 5
4 0 20 0 -20 20 8 8 8 8 1.6 0.25 6 5
4 0 28 0 -20 20 8 8 8 8 1.6 0.25 6 5
4 0 -28 0 -12 20 8 8 8 8 1.6 0.25 6 5
4 0 -20 0 -12 20 8 8 8 8 1.6 0.25 6 5
4 0 -12 0 -12 20 8 8 8 8 1.6 0.25 6 5
4 0 -4 0 -12 20 8 8 8 8 1.6 0.25 6 5
4 0 4 0 -12 20 8 8 8 8 1.6 0.25 6 5
4 0 12 0 -12 20 8 8 8 8 1.6 0.25 6 5
4 0 20 0 -12 20 8 8 8 8 1.6 0.25 6 5
4 0 28 0 -12 20 8 8 8 8 1.6 0.25 6 5
4 0 -28 0 -4 20 8 8 8 8 1.6 0.25 6 5
4 0 -20 0 -4 20 8 8 8 8 1.6 0.25 6 5
4 0 -12 0 -4 20 8 8 8 8 1.6 0.25 6 5
4 0 -4 0 -4 20 8 8 8 8 1.6 0.25 6 5
4 0 4 0 -4 20 8 8 8 8 1.6 0.25 6 5
4 0 12 0 -4 20 8 8 8 8 1.6 0.25 6 5
4 0 20 0 -4 20 8 8 8 8 1.6 0.25 6 5
4 0 28 0 -4 20 8 8 8 8 1.6 0.25 6 5
4 0 -28 0 4 20 8 8 8 8 1.6 0.25 6 5
4 0 -20 0 4 20 8 8 8 8 1.6 0.25 6 5
4 0 -12 0 4 20 8 8 8 8 1.6 0.25 6 5
4 0 -4 0 4 20 8 8 8 8 1.6 0.25 6 5
4 0 4 0 4 20 8 8 8 8 1.6 0.25 6 5
4 0 12 0 4 20 8 8 8 8 1.6 0.25 6 5
4 0 20 0 4 20 8 8 8 8 1.6 0.25 6 5
4 0 28 0 4 20 8 8 8 8 1.6 0.25 6 5
4 0 -28 0 12 20 8 8 8 8 1.6 0.25 6 5
4 0 -20 0 12 20 8 8 8 8 1.6 0.25 6 5
4 0 -12 0 12 20 8 8 8 8 1.6 0.25 6 5
4 0 -4 0 12 20 8 8 8 8 1.6 0.25 6 5
4 0 4 0 12 20 8 8 8 8 1.6 0.25 6 5
4 0 12 0 12 20 8 8 8 8 1.6 0.25 6 5
4 0 20 0 12 20 8 8 8 8 1.6 0.25 6 5
4 0 28 0 12 20 8 8 8 8 1.6 0.25 6 5
4 0 -28 0 20 20 8 8 8 8 1.6 0.25 6 5
4 0 -20 0 20 20 8 8 8 8 1.6 0.25 6 5
4 0 -12 0 20 20 8 8 8 8 1.6 0.25 6 5
4 0 -4 0 20 20 8 8 8 8 1.6 0.25 6 5
4 0 4 0 20 20 8 8 8 8 1.6 0.25 6 5
4 0 12 0 20 20 8 8 8 8 1.6 0.25 6 5
4 0 20 0 20 20 8 8 8 8 1.6 0.25 6 5
4 0 28 0 20 20 8 8 8 8 1.6 0.25 6 5
4 0 -28 0 28 20 8 8 8 8 1.6 0.25 6 5
4 0 -20 0 28 20 8 8 8 8 1.6 0.25 6 5
4 0 -12 0 28 20 8 8 8 8 1.6 0.25 6 5
4 0 -4 0 28 20 8 8 8 8 1.6 0.25 6 5
4 0 4 0 28 20 8 8 8 8 1.6 0.25 6 5
4 0 12 0 28 20 8 8 8 8 1.6 0.25 6 5
4 0 20 0 28 20 8 8 8 8 1.6 0.25 6 5
4 0 28 0 28 20 8 8 8 8 1.6 0.25 6 5
4 0 -28 0 -28 28 8 8 8 8 1.6 0.25 6 5
4 0 -20 0 -28 28 8 8 8 8 1.6 0.25 6 5
4 0 -12 0 -28 28 8 8 8 8 1.6 0.25 6 5
4 0 -4 0 -28 28 8 8 8 8 1.6 0.25 6 5
4 0 4 0 -28 28 8 8 8 8 1.6 0.25 6 5
4 0 12 0 -28 28 8 8 8 8 1.6 0.25 6 5
4 0 20 0 -28 28 8 8 8 8 1.6 0.25 6 5
4 0 28 0 -28 28 8 8 8 8 1.6 0.25 6 5
4 0 -28 0 -20 28 8 8 8 8 1.6 0.25 6 5
4 0 -20 0 -20 28 8 8 8 8 1.6 0.25 6 5
4 0 -12 0 -20 28 8 8 8 8 1.6 0.25 6 5
4 0 -4 0 -20 28 8 8 8 8 1.6 0.25 6 5
4 0 4 0 -20 28 8 8 8 8 1.6 0.25 6 5
4 0 12 0 -20 28 8 8 8 8 1.6 0.25 6 5
4 0 20 0 -20 28 8 8 8 8 1.6 0.25 6 5
4 0 28 0 -20 28 8 8 8 8 1.6 0.25 6 5
4 0 -28 0 -12 28 8 8 8 8 1.6 0.25 6 5
4 0 -20 0 -12 28 8 8 8 8 1.6 0.25 6 5
4 0 -12 0 -12 28 8 8 8 8 1.6 0.25 6 5
4 0 -4 0 -12 28 8 8 8 8 1.6 0.25 6 5
4 0 4 0 -12 28 8 8 8 8 1.6 0.25 6 5
4 0 12 0 -12 28 8 8 8 8 1.6 0.25 6 5
4 0 20 0 -12 28 8 8 8 8 1.6 0.25 6 5
4 0 28 0 -12 28 8 8 8 8 1.6 0.25 6 5
4 0 -28 0 -4 28 8 8 8 8 1.6 0.25 6 5
4 0 -20 0 -4 28 8 8 8 8 1.6 0.25 6 5
4 0 -12 0 -4 28 8 8 8 8 1.6 0.25 6 5
4 0 -4 0 -4 28 8 8 8 8 1.6 0.25 6 5
4 0 4 0 -4 28 8 8 8 8 1.6 0.25 6 5
4 0 12 0 -4 28 8 8 8 8 1.6 0.25 6 5
4 0 20 0 -4 28 8 8 8 8 1.6 0.25 6 5
4 0 28 0 -4 28 8 8 8 8 1.6 0.25 6 5
4 0 -28 0 4 28 8 8 8 8 1.6 0.25 6 5
4 0 -20 0 4 28 8 8 8 8 1.6 0.25 6 5
4 0 -12 0 4 28 8 8 8 8 1.6 0.25 6 5
4 0 -4 0 4 28 8 8 8 8 1.6 0.25 6 5
4 0 4 0 4 28 8 8 8 8 1.6 0.25 6 5
4 0 12 0 4 28 8 8 8 8 1.6 0.25 6 5
4 0 20 0 4 28 8 8 8 8 1.6 0.25 6 5
4 0 28 0 4 28 8 8 8 8 1.6 0.25 6 5
4 0 -28 0 12 28 8 8 8 8 1.6 0.25 6 5
4 0 -20 0 12 28 8 8 8 8 1.6 0.25 6 5
4 0 -12 0 12 28 8 8 8 8 1.6 0.25 6 5
4 0 -4 0 12 28 8 8 8 8 1.6 0.25 6 5
4 0 4 0 12 28 8 8 8 8 1.6 0.25 6 5
4 0 12 0 12 28 8 8 8 8 1.6 0.25 6 5
4 0 20 0 12 28 8 8 8 8 1.6 0.25 6 5
4 0 28 0 12 28 8 8 8 8 1.6 0.25 6 5
4 0 -28 0 20 28 8 8 8 8 1.6 0.25 6 5
4 0 -20 0 20 28 8 8 8 8 1.6 0.25 6 5
4 0 -12 0 20 28 8 8 8 8 1.6 0.25 6 5
4 0 -4 0 20 28 8 8 8 8 1.6 0.25 6 5
4 0 4 0 20 28 8 8 8 8 1.6 0.25 6 5
4 0 12 0 20 28 8 8 8 8 1.6 0.25 6 5
4 0 20 0 20 28 8 8 8 8 1.6 0.25 6 5
4 0 28 0 20 28 8 8 8 8 1.6 0.25 6 5
4 0 -28 0 28 28 8 8 8 8 1.6 0.25 6 5
4 0 -20 0 28 28 8 8 8 8 1.6 0.25 6 5
4 0 -12 0 28 28 8 8 8 8 1.6 0.25 6 5
4 0 -4 0 28 28 8 8 8 8 1.6 0.25 6 5
4 0 4 0 28 28 8 8 8 8 1.6 0.25 6 5
4 0 12 0 28 28 8 8 8 8 1.6 0.25 6 5
4 0 20 0 28 28 8 8 8 8 1.6 0.25 6 5
4 0 28 0 28 28 8 8 8 8 1.6 0.25 6 5
5 0 14 400 40000 400 400 0 55.5 0 0 400 40000 400 400 0 6
