0 6 5 0.4 0.4 1.4 0.4 15.1969 65.6806 2.07485 25.4282 0.707107 0 0 0 -0.707107 0 0 0 0.4 0.4 1.4 0.4 65 0 1.265 0.25 1 0 -7.36869e-30 -0.255745 -5.1005e-31 8.22938e-29 0 0 0 0 0 0 1 12 0 1 1 1 0.25 5 1 2 0 0 0 0
0 0 9 0.25 0.85 0.25 0.025 -3.1234e-07 64.85 0.240055 16.799 0.685551 4.54485e-07 1.27002e-07 5.08005e-07 5.76567e-06 1.168e-05 -0.728024 -4.91738e-07 0.5 1.7 0.5 0.05 1 1 0 0.25 1 0 2.03595e-06 0.000946506 0.0133382 -0.000576719 2.03375e-05 7.09037e-06 -3.7572e-06 0.000453808 0.000139858 0.0531564 1 46 0 1 1 1 1 1 1 2 0 0 0 0
2 0 9 12.2 3.1 8.2 0.1 0 66.9 0 -7.1 1 0 0 0 0 0 0 0 24.4 6.2 16.4 0.2 1.6 0.25 0 27 0 1 1 1 1 1 2
2 0 9 12 0.05 8 0.005 0 64.05 0 -6.995 1 0 0 0 0 0 0 0 24 0.1 16 0.01 1.6 0.25 1 17 0 0 0 0 1 0 2
2 0 9 12.2 3.1 0.1 12 0 66.9 8.1 5 1 0 0 0 0 0 0 0 24.4 6.2 0.2 24 1.6 0.25 0 27 0 1 1 1 1 1 2
2 0 9 12 0.05 0.005 11.99 0 64.05 7.995 5 1 0 0 0 0 0 0 0 24 0.1 0.01 23.98 1.6 0.25 1 17 0 0 0 0 1 0 2
2 0 9 12.2 3.1 0.1 12 0 66.9 -8.1 5 1 0 0 0 0 0 0 0 24.4 6.2 0.2 24 1.6 0.25 0 27 0 1 1 1 1 1 2
2 0 9 12 0.05 0.005 11.99 0 64.05 -7.995 5 1 0 0 0 0 0 0 0 24 0.1 0.01 23.98 1.6 0.25 1 17 0 0 0 0 1 0 2
2 0 9 12.2 0.1 8.2 12.2 0 70.1 0 5 1 0 0 0 0 0 0 0 24.4 0.2 16.4 24.4 1.6 0.25 0 56 0 1 1 1 1 1 2
2 0 9 12 0.1 8 12 0 63.9 0 5 1 0 0 0 0 0 0 0 24 0.2 16 24 1.6 0.25 1 43 0 1 1 1 1 1 2
2 0 9 0.1 3.1 8 12 12.1 66.9 0 5 1 0 0 0 0 0 0 0 0.2 6.2 16 24 1.6 0.25 0 27 0 1 1 1 1 1 2
2 0 9 0.005 0.05 7.99 11.99 11.995 64.05 0 5 1 0 0 0 0 0 0 0 0.01 0.1 15.98 23.98 1.6 0.25 1 17 0 0 0 0 1 0 2
2 0 9 0.1 3.1 8 12 -12.1 66.9 0 5 1 0 0 0 0 0 0 0 0.2 6.2 16 24 1.6 0.25 0 27 0 1 1 1 1 1 2
2 0 9 0.005 0.05 7.99 11.99 -11.995 64.05 0 5 1 0 0 0 0 0 0 0 0.01 0.1 15.98 23.98 1.6 0.25 1 17 0 0 0 0 1 0 2
2 0 9 5.795 3.1 8 0.1 6.205 66.9 0 5 1 0 0 0 0 0 0 0 11.59 6.2 16 0.2 1.6 0.25 0 27 0 1 1 1 1 1 2
2 0 9 5.795 3.1 8 0.1 -6.205 66.9 0 5 1 0 0 0 0 0 0 0 11.59 6.2 16 0.2 1.6 0.25 0 27 0 1 1 1 1 1 2
2 0 9 0.41 2.045 0.41 0.1 0 67.955 0 5 1 0 0 0 0 0 0 0 0.82 4.09 0.82 0.2 1.6 0.25 0 27 0 1 1 1 1 1 2
2 0 9 0.41 3.1 3.795 0.1 0 66.9 4.205 5 1 0 0 0 0 0 0 0 0.82 6.2 7.59 0.2 1.6 0.25 0 27 0 1 1 1 1 1 2
2 0 9 0.41 3.1 3.795 0.1 0 66.9 -4.205 5 1 0 0 0 0 0 0 0 0.82 6.2 7.59 0.2 1.6 0.25 0 27 0 1 1 1 1 1 2
2 0 9 0.5 0.95 0.05 0.1125 0 64.95 -0.45 5 1 0 0 0 0 0 0 0 1 1.9 0.1 0.225 1.6 0.25 1 46 0 1 1 1 1 0 2
2 0 9 0.5 0.95 0.05 0.1125 0 64.95 0.45 5 1 0 0 0 0 0 0 0 1 1.9 0.1 0.225 1.6 0.25 1 46 0 1 1 1 1 0 2
2 0 9 0.5 0.05 0.5 0.1125 0 65.95 0 5 1 0 0 0 0 0 0 0 1 0.1 1 0.225 1.6 0.25 1 46 0 1 1 1 1 0 2
2 0 9 0.05 0.95 0.4 0.1125 -0.45 64.95 0 5 1 0 0 0 0 0 0 0 0.1 1.9 0.8 0.225 1.6 0.25 1 46 0 1 1 1 1 0 2
2 0 9 0.05 0.95 0.4 0.1125 0.45 64.95 0 5 1 0 0 0 0 0 0 0 0.1 1.9 0.8 0.225 1.6 0.25 1 46 0 1 1 1 1 0 2
2 0 9 5.75 0.05 8 0.11 6.25 64.05 0 5 1 0 0 0 0 0 0 0 11.5 0.1 16 0.22 1.6 0.25 1 43 0 0 0 0 1 0 2
2 0 9 5.75 0.05 8 0.11 -6.25 64.05 0 5 1 0 0 0 0 0 0 0 11.5 0.1 16 0.22 1.6 0.25 1 43 0 0 0 0 1 0 2
2 0 9 0.5 0.05 3.75 0.11 0 64.05 4.25 5 1 0 0 0 0 0 0 0 1 0.1 7.5 0.22 1.6 0.25 1 43 0 0 0 0 1 0 2
2 0 9 0.5 0.05 3.75 0.11 0 64.05 -4.25 5 1 0 0 0 0 0 0 0 1 0.1 7.5 0.22 1.6 0.25 1 43 0 0 0 0 1 0 2
2 0 9 5.87 3.1 8 0.1 6.13 66.9 0 17.1 1 0 0 0 0 0 0 0 11.74 6.2 16 0.2 1.6 0.25 0 27 0 1 1 1 1 1 2
2 0 9 5.87 3.1 8 0.1 -6.13 66.9 0 17.1 1 0 0 0 0 0 0 0 11.74 6.2 16 0.2 1.6 0.25 0 27 0 1 1 1 1 1 2
2 0 9 0.26 2.145 0.26 0.1 0 67.855 0 17.1 1 0 0 0 0 0 0 0 0.52 4.29 0.52 0.2 1.6 0.25 0 27 0 1 1 1 1 1 2
2 0 9 0.26 3.1 3.87 0.1 0 66.9 4.13 17.1 1 0 0 0 0 0 0 0 0.52 6.2 7.74 0.2 1.6 0.25 0 27 0 1 1 1 1 1 2
2 0 9 0.26 3.1 3.87 0.1 0 66.9 -4.13 17.1 1 0 0 0 0 0 0 0 0.52 6.2 7.74 0.2 1.6 0.25 0 27 0 1 1 1 1 1 2
2 0 9 0.26 0.1 0.26 0.1 0 63.9 0 17.1 1 0 0 0 0 0 0 0 0.52 0.2 0.52 0.2 1.6 0.25 1 43 0 1 1 1 1 1 2
2 0 9 0.35 0.85 0.05 0.1125 0 64.85 -0.3 17.1 1 0 0 0 0 0 0 0 0.7 1.7 0.1 0.225 1.6 0.25 1 46 0 1 1 1 1 0 2
2 0 9 0.35 0.85 0.05 0.1125 0 64.85 0.3 17.1 1 0 0 0 0 0 0 0 0.7 1.7 0.1 0.225 1.6 0.25 1 46 0 1 1 1 1 0 2
2 0 9 0.35 0.05 0.35 0.1125 0 65.75 0 17.1 1 0 0 0 0 0 0 0 0.7 0.1 0.7 0.225 1.6 0.25 1 46 0 1 1 1 1 0 2
2 0 9 0.05 0.85 0.25 0.1125 -0.3 64.85 0 17.1 1 0 0 0 0 0 0 0 0.1 1.7 0.5 0.225 1.6 0.25 1 46 0 1 1 1 1 0 2
2 0 9 0.05 0.85 0.25 0.1125 0.3 64.85 0 17.1 1 0 0 0 0 0 0 0 0.1 1.7 0.5 0.225 1.6 0.25 1 46 0 1 1 1 1 0 2
2 0 9 5.825 0.05 8 0.005 6.175 64.05 0 16.995 1 0 0 0 0 0 0 0 11.65 0.1 16 0.01 1.6 0.25 1 43 0 0 0 0 1 0 2
2 0 9 5.825 0.05 8 0.005 -6.175 64.05 0 16.995 1 0 0 0 0 0 0 0 11.65 0.1 16 0.01 1.6 0.25 1 43 0 0 0 0 1 0 2
2 0 9 0.35 0.05 3.825 0.005 0 64.05 4.175 16.995 1 0 0 0 0 0 0 0 0.7 0.1 7.65 0.01 1.6 0.25 1 43 0 0 0 0 1 0 2
2 0 9 0.35 0.05 3.825 0.005 0 64.05 -4.175 16.995 1 0 0 0 0 0 0 0 0.7 0.1 7.65 0.01 1.6 0.25 1 43 0 0 0 0 1 0 2
2 0 9 0.4125 1.55 0.1 0.45 0 65.45 0.5125 17.55 1 0 0 0 0 0 0 0 0.825 3.1 0.2 0.9 1.6 0.25 1 46 0 1 1 1 1 1 2
2 0 9 0.4125 1.55 0.1 0.45 0 65.45 -0.5125 17.55 1 0 0 0 0 0 0 0 0.825 3.1 0.2 0.9 1.6 0.25 1 46 0 1 1 1 1 1 2
2 0 9 0.6125 0.1 0.6125 0.45 0 67.1 0 17.55 1 0 0 0 0 0 0 0 1.225 0.2 1.225 0.9 1.6 0.25 0 56 0 1 1 1 1 1 2
2 0 9 0.4125 0.1 0.4125 0.45 0 64 0 17.55 1 0 0 0 0 0 0 0 0.825 0.2 0.825 0.9 1.6 0.25 1 45 0 1 1 1 1 1 2
2 0 9 0.1 1.55 0.6125 0.45 0.5125 65.45 0 17.55 1 0 0 0 0 0 0 0 0.2 3.1 1.225 0.9 1.6 0.25 1 46 0 1 1 1 1 1 2
2 0 9 0.1 1.55 0.6125 0.45 -0.5125 65.45 0 17.55 1 0 0 0 0 0 0 0 0.2 3.1 1.225 0.9 1.6 0.25 1 46 0 1 1 1 1 1 2
2 0 9 0.4125 0.05 0.005 0.45 0 64.15 0.4075 17.55 1 0 0 0 0 0 0 0 0.825 0.1 0.01 0.9 1.6 0.25 1 46 0 0 0 0 1 0 2
2 0 9 0.4125 0.05 0.005 0.45 0 64.15 -0.4075 17.55 1 0 0 0 0 0 0 0 0.825 0.1 0.01 0.9 1.6 0.25 1 46 0 0 0 0 1 0 2
2 0 9 0.005 0.05 0.4125 0.45 0.4075 64.15 0 17.55 1 0 0 0 0 0 0 0 0.01 0.1 0.825 0.9 1.6 0.25 1 46 0 0 0 0 1 0 2
2 0 9 0.005 0.05 0.4125 0.45 -0.4075 64.15 0 17.55 1 0 0 0 0 0 0 0 0.01 0.1 0.825 0.9 1.6 0.25 1 46 0 0 0 0 1 0 2
2 0 9 0.7 1.6 0.7 0.1 0 65.4 0 19.1 1 0 0 0 0 0 0 0 1.4 3.2 1.4 0.2 1.6 0.25 1 46 0 1 1 1 1 1 2
2 0 9 0.5 0.05 0.5 0.005 0 64.05 0 18.995 1 0 0 0 0 0 0 0 1 0.1 1 0.01 1.6 0.25 1 17 0 0 0 0 1 0 2
2 0 9 0.7 1.6 0.1 0.5 0 65.4 0.6 18.5 1 0 0 0 0 0 0 0 1.4 3.2 0.2 1 1.6 0.25 1 46 0 1 1 1 1 1 2
2 0 9 0.5 0.05 0.005 0.49 0 64.05 0.495 18.5 1 0 0 0 0 0 0 0 1 0.1 0.01 0.98 1.6 0.25 1 17 0 0 0 0 1 0 2
2 0 9 0.7 1.6 0.1 0.5 0 65.4 -0.6 18.5 1 0 0 0 0 0 0 0 1.4 3.2 0.2 1 1.6 0.25 1 46 0 1 1 1 1 1 2
2 0 9 0.5 0.05 0.005 0.49 0 64.05 -0.495 18.5 1 0 0 0 0 0 0 0 1 0.1 0.01 0.98 1.6 0.25 1 17 0 0 0 0 1 0 2
2 0 9 0.7 0.1 0.7 0.7 0 67.1 0 18.5 1 0 0 0 0 0 0 0 1.4 0.2 1.4 1.4 1.6 0.25 0 56 0 1 1 1 1 1 2
2 0 9 0.5 0.1 0.5 0.5 0 63.9 0 18.5 1 0 0 0 0 0 0 0 1 0.2 1 1 1.6 0.25 1 45 0 1 1 1 1 1 2
2 0 9 0.1 1.6 0.5 0.5 -0.6 65.4 0 18.5 1 0 0 0 0 0 0 0 0.2 3.2 1 1 1.6 0.25 1 46 0 1 1 1 1 1 2
2 0 9 0.005 0.05 0.49 0.49 -0.495 64.05 0 18.5 1 0 0 0 0 0 0 0 0.01 0.1 0.98 0.98 1.6 0.25 1 17 0 0 0 0 1 0 2
2 0 9 1.45 1.55 0.1 0.4125 1.95 65.45 0.5125 18.5 1 0 0 0 0 0 0 0 2.9 3.1 0.2 0.825 1.6 0.25 1 46 0 1 1 1 1 1 2
2 0 9 1.45 1.55 0.1 0.4125 1.95 65.45 -0.5125 18.5 1 0 0 0 0 0 0 0 2.9 3.1 0.2 0.825 1.6 0.25 1 46 0 1 1 1 1 1 2
2 0 9 1.45 0.1 0.6125 0.6125 1.95 67.1 0 18.5 1 0 0 0 0 0 0 0 2.9 0.2 1.225 1.225 1.6 0.25 0 56 0 1 1 1 1 1 2
2 0 9 1.45 0.1 0.4125 0.4125 1.95 64 0 18.5 1 0 0 0 0 0 0 0 2.9 0.2 0.825 0.825 1.6 0.25 1 45 0 1 1 1 1 1 2
2 0 9 1.45 1.55 0.6125 0.1 1.95 65.45 0 19.0125 1 0 0 0 0 0 0 0 2.9 3.1 1.225 0.2 1.6 0.25 1 46 0 1 1 1 1 1 2
2 0 9 1.45 1.55 0.6125 0.1 1.95 65.45 0 17.9875 1 0 0 0 0 0 0 0 2.9 3.1 1.225 0.2 1.6 0.25 1 46 0 1 1 1 1 1 2
2 0 9 1.45 0.05 0.005 0.4125 1.95 64.15 0.4075 18.5 1 0 0 0 0 0 0 0 2.9 0.1 0.01 0.825 1.6 0.25 1 46 0 0 0 0 1 0 2
2 0 9 1.45 0.05 0.005 0.4125 1.95 64.15 -0.4075 18.5 1 0 0 0 0 0 0 0 2.9 0.1 0.01 0.825 1.6 0.25 1 46 0 0 0 0 1 0 2
2 0 9 1.45 0.05 0.4125 0.005 1.95 64.15 0 18.9075 1 0 0 0 0 0 0 0 2.9 0.1 0.825 0.01 1.6 0.25 1 46 0 0 0 0 1 0 2
2 0 9 1.45 0.05 0.4125 0.005 1.95 64.15 0 18.0925 1 0 0 0 0 0 0 0 2.9 0.1 0.825 0.01 1.6 0.25 1 46 0 0 0 0 1 0 2
2 0 9 0.1 3.1 7.5 6.295 3.4 66.9 0 25.205 1 0 0 0 0 0 0 0 0.2 6.2 15 12.59 1.6 0.25 0 27 0 1 1 1 1 1 2
2 0 9 0.1 3.1 7.5 0.295 3.4 66.9 0 17.795 1 0 0 0 0 0 0 0 0.2 6.2 15 0.59 1.6 0.25 0 27 0 1 1 1 1 1 2
2 0 9 0.1 2.045 0.41 0.41 3.4 67.955 0 18.5 1 0 0 0 0 0 0 0 0.2 4.09 0.82 0.82 1.6 0.25 0 27 0 1 1 1 1 1 2
2 0 9 0.1 3.1 3.545 0.41 3.4 66.9 3.955 18.5 1 0 0 0 0 0 0 0 0.2 6.2 7.09 0.82 1.6 0.25 0 27 0 1 1 1 1 1 2
2 0 9 0.1 3.1 3.545 0.41 3.4 66.9 -3.955 18.5 1 0 0 0 0 0 0 0 0.2 6.2 7.09 0.82 1.6 0.25 0 27 0 1 1 1 1 1 2
2 0 9 0.1 0.1 0.41 0.41 3.4 63.9 0 18.5 1 0 0 0 0 0 0 0 0.2 0.2 0.82 0.82 1.6 0.25 1 17 0 1 1 1 1 1 2
2 0 9 0.1125 0.95 0.05 0.5 3.4 64.95 -0.45 18.5 1 0 0 0 0 0 0 0 0.225 1.9 0.1 1 1.6 0.25 1 53 0 1 1 1 1 0 4
2 0 9 0.1125 0.95 0.05 0.5 3.4 64.95 0.45 18.5 1 0 0 0 0 0 0 0 0.225 1.9 0.1 1 1.6 0.25 1 53 0 1 1 1 1 0 4
2 0 9 0.1125 0.05 0.5 0.5 3.4 65.95 0 18.5 1 0 0 0 0 0 0 0 0.225 0.1 1 1 1.6 0.25 1 53 0 1 1 1 1 0 4
2 0 9 0.1125 0.95 0.4 0.05 3.4 64.95 0 18.05 1 0 0 0 0 0 0 0 0.225 1.9 0.8 0.1 1.6 0.25 1 53 0 1 1 1 1 0 4
2 0 9 0.1125 0.95 0.4 0.05 3.4 64.95 0 18.95 1 0 0 0 0 0 0 0 0.225 1.9 0.8 0.1 1.6 0.25 1 53 0 1 1 1 1 0 4
2 0 9 0.005 0.05 7.5 6.25 3.505 64.05 0 25.25 1 0 0 0 0 0 0 0 0.01 0.1 15 12.5 1.6 0.25 1 15 0 0 0 0 1 0 2
2 0 9 0.005 0.05 7.5 0.25 3.505 64.05 0 17.75 1 0 0 0 0 0 0 0 0.01 0.1 15 0.5 1.6 0.25 1 15 0 0 0 0 1 0 2
2 0 9 0.005 0.05 3.5 0.5 3.505 64.05 4 18.5 1 0 0 0 0 0 0 0 0.01 0.1 7 1 1.6 0.25 1 15 0 0 0 0 1 0 2
2 0 9 0.005 0.05 3.5 0.5 3.505 64.05 -4 18.5 1 0 0 0 0 0 0 0 0.01 0.1 7 1 1.6 0.25 1 15 0 0 0 0 1 0 2
2 0 9 10.2 3.1 7.7 0.1 13.5 66.9 0 31.6 1 0 0 0 0 0 0 0 20.4 6.2 15.4 0.2 1.6 0.25 0 27 0 1 1 1 1 1 2
2 0 9 10 0.05 7.5 0.005 13.5 64.05 0 31.495 1 0 0 0 0 0 0 0 20 0.1 15 0.01 1.6 0.25 1 17 0 0 0 0 1 0 2
2 0 9 10.2 3.1 7.7 0.1 13.5 66.9 0 17.4 1 0 0 0 0 0 0 0 20.4 6.2 15.4 0.2 1.6 0.25 0 27 0 1 1 1 1 1 2
2 0 9 10 0.05 7.5 0.005 13.5 64.05 0 17.505 1 0 0 0 0 0 0 0 20 0.1 15 0.01 1.6 0.25 1 17 0 0 0 0 1 0 2
2 0 9 10.2 3.1 0.1 7 13.5 66.9 -7.6 24.5 1 0 0 0 0 0 0 0 20.4 6.2 0.2 14 1.6 0.25 0 27 0 1 1 1 1 1 2
2 0 9 10 0.05 0.005 6.99 13.5 64.05 -7.495 24.5 1 0 0 0 0 0 0 0 20 0.1 0.01 13.98 1.6 0.25 1 17 0 0 0 0 1 0 2
2 0 9 10.2 0.1 7.7 7.2 13.5 70.1 0 24.5 1 0 0 0 0 0 0 0 20.4 0.2 15.4 14.4 1.6 0.25 0 56 0 1 1 1 1 1 2
2 0 9 10 0.1 7.5 7 13.5 63.9 0 24.5 1 0 0 0 0 0 0 0 20 0.2 15 14 1.6 0.25 1 17 0 1 1 1 1 1 2
2 0 9 0.1 3.1 7.5 7 23.6 66.9 0 24.5 1 0 0 0 0 0 0 0 0.2 6.2 15 14 1.6 0.25 0 27 0 1 1 1 1 1 2
2 0 9 0.005 0.05 7.49 6.99 23.495 64.05 0 24.5 1 0 0 0 0 0 0 0 0.01 0.1 14.98 13.98 1.6 0.25 1 17 0 0 0 0 1 0 2
2 0 9 10 0.05 3.25 0.5 13.5 67.05 -4.25 25.5 1 0 0 0 0 0 0 0 20 0.1 6.5 1 1.6 0.25 1 17 0 1 1 1 1 1 2
2 0 9 10 0.05 2.5 0.5 13.5 67.05 5 25.5 1 0 0 0 0 0 0 0 20 0.1 5 1 1.6 0.25 1 17 0 1 1 1 1 1 2
2 0 9 3.75 0.05 1.75 0.5 19.75 67.05 0.75 25.5 1 0 0 0 0 0 0 0 7.5 0.1 3.5 1 1.6 0.25 1 17 0 1 1 1 1 1 2
2 0 9 5.75 0.05 1.75 0.5 9.25 67.05 0.75 25.5 1 0 0 0 0 0 0 0 11.5 0.1 3.5 1 1.6 0.25 1 17 0 1 1 1 1 1 2
2 0 9 10 0.05 7.5 2.75 13.5 67.05 0 28.75 1 0 0 0 0 0 0 0 20 0.1 15 5.5 1.6 0.25 1 17 0 1 1 1 1 1 2
2 0 9 10 0.05 7.5 3.75 13.5 67.05 0 21.25 1 0 0 0 0 0 0 0 20 0.1 15 7.5 1.6 0.25 1 17 0 1 1 1 1 1 2
2 0 9 10 0.05 3.25 0.5 13.5 66.95 -4.25 25.5 1 0 0 0 0 0 0 0 20 0.1 6.5 1 1.6 0.25 0 56 0 1 1 1 1 1 2
2 0 9 10 0.05 2.5 0.5 13.5 66.95 5 25.5 1 0 0 0 0 0 0 0 20 0.1 5 1 1.6 0.25 0 56 0 1 1 1 1 1 2
2 0 9 3.75 0.05 1.75 0.5 19.75 66.95 0.75 25.5 1 0 0 0 0 0 0 0 7.5 0.1 3.5 1 1.6 0.25 0 56 0 1 1 1 1 1 2
2 0 9 5.75 0.05 1.75 0.5 9.25 66.95 0.75 25.5 1 0 0 0 0 0 0 0 11.5 0.1 3.5 1 1.6 0.25 0 56 0 1 1 1 1 1 2
2 0 9 10 0.05 7.5 2.75 13.5 66.95 0 28.75 1 0 0 0 0 0 0 0 20 0.1 15 5.5 1.6 0.25 0 56 0 1 1 1 1 1 2
2 0 9 10 0.05 7.5 3.75 13.5 66.95 0 21.25 1 0 0 0 0 0 0 0 20 0.1 15 7.5 1.6 0.25 0 56 0 1 1 1 1 1 2
2 0 9 0.005 0.05 7.49 6.99 23.495 67.15 0 24.5 1 0 0 0 0 0 0 0 0.01 0.1 14.98 13.98 1.6 0.25 0 56 0 0 0 0 1 0 2
2 0 9 0.005 0.05 7.49 6.99 3.505 67.15 0 24.5 1 0 0 0 0 0 0 0 0.01 0.1 14.98 13.98 1.6 0.25 0 56 0 0 0 0 1 0 2
2 0 9 10 0.05 0.005 6.99 13.5 67.15 7.495 24.5 1 0 0 0 0 0 0 0 20 0.1 0.01 13.98 1.6 0.25 0 56 0 0 0 0 1 0 2
2 0 9 10 0.05 0.005 6.99 13.5 67.15 -7.495 24.5 1 0 0 0 0 0 0 0 20 0.1 0.01 13.98 1.6 0.25 0 56 0 0 0 0 1 0 2
2 0 9 10 0.05 7.5 0.005 13.5 67.15 0 31.495 1 0 0 0 0 0 0 0 20 0.1 15 0.01 1.6 0.25 0 56 0 0 0 0 1 0 2
2 0 9 10 0.05 7.5 0.005 13.5 67.15 0 17.505 1 0 0 0 0 0 0 0 20 0.1 15 0.01 1.6 0.25 0 56 0 0 0 0 1 0 2
2 0 9 10 3.1 0.1 1.295 13.5 66.9 7.6 30.205 1 0 0 0 0 0 0 0 20 6.2 0.2 2.59 1.6 0.25 0 27 0 1 1 1 1 1 2
2 0 9 10 3.1 0.1 5.295 13.5 66.9 7.6 22.795 1 0 0 0 0 0 0 0 20 6.2 0.2 10.59 1.6 0.25 0 27 0 1 1 1 1 1 2
2 0 9 0.41 2.045 0.1 0.41 13.5 67.955 7.6 28.5 1 0 0 0 0 0 0 0 0.82 4.09 0.2 0.82 1.6 0.25 0 27 0 1 1 1 1 1 2
2 0 9 4.795 3.1 0.1 0.41 18.705 66.9 7.6 28.5 1 0 0 0 0 0 0 0 9.59 6.2 0.2 0.82 1.6 0.25 0 27 0 1 1 1 1 1 2
2 0 9 4.795 3.1 0.1 0.41 8.295 66.9 7.6 28.5 1 0 0 0 0 0 0 0 9.59 6.2 0.2 0.82 1.6 0.25 0 27 0 1 1 1 1 1 2
2 0 9 0.41 0.1 0.1 0.41 13.5 63.9 7.6 28.5 1 0 0 0 0 0 0 0 0.82 0.2 0.2 0.82 1.6 0.25 1 17 0 1 1 1 1 1 2
2 0 9 0.05 0.95 0.1125 0.5 13.05 64.95 7.6 28.5 1 0 0 0 0 0 0 0 0.1 1.9 0.225 1 1.6 0.25 1 53 0 1 1 1 1 0 4
2 0 9 0.05 0.95 0.1125 0.5 13.95 64.95 7.6 28.5 1 0 0 0 0 0 0 0 0.1 1.9 0.225 1 1.6 0.25 1 53 0 1 1 1 1 0 4
2 0 9 0.5 0.05 0.1125 0.5 13.5 65.95 7.6 28.5 1 0 0 0 0 0 0 0 1 0.1 0.225 1 1.6 0.25 1 53 0 1 1 1 1 0 4
2 0 9 0.4 0.95 0.1125 0.05 13.5 64.95 7.6 28.05 1 0 0 0 0 0 0 0 0.8 1.9 0.225 0.1 1.6 0.25 1 53 0 1 1 1 1 0 4
2 0 9 0.4 0.95 0.1125 0.05 13.5 64.95 7.6 28.95 1 0 0 0 0 0 0 0 0.8 1.9 0.225 0.1 1.6 0.25 1 53 0 1 1 1 1 0 4
2 0 9 10 0.05 0.005 1.25 13.5 64.05 7.495 30.25 1 0 0 0 0 0 0 0 20 0.1 0.01 2.5 1.6 0.25 1 15 0 0 0 0 1 0 2
2 0 9 10 0.05 0.005 5.25 13.5 64.05 7.495 22.75 1 0 0 0 0 0 0 0 20 0.1 0.01 10.5 1.6 0.25 1 15 0 0 0 0 1 0 2
2 0 9 4.75 0.05 0.005 0.5 18.75 64.05 7.495 28.5 1 0 0 0 0 0 0 0 9.5 0.1 0.01 1 1.6 0.25 1 15 0 0 0 0 1 0 2
2 0 9 4.75 0.05 0.005 0.5 8.25 64.05 7.495 28.5 1 0 0 0 0 0 0 0 9.5 0.1 0.01 1 1.6 0.25 1 15 0 0 0 0 1 0 2
2 0 9 0.5 0.02 1.5 1 4.8 65 0 20.5 1 0 0 0 0 0 0 0 1 0.04 3 2 1.6 0.25 1 18 0 1 1 1 1 1 2
2 0 9 0.025 0.5 0.025 0.025 5.2 64.5 1.4 21.4 1 0 0 0 0 0 0 0 0.05 1 0.05 0.05 1.6 0.25 1 12 0 1 1 1 1 0 2
2 0 9 0.025 0.5 0.025 0.025 4.4 64.5 1.4 21.4 1 0 0 0 0 0 0 0 0.05 1 0.05 0.05 1.6 0.25 1 12 0 1 1 1 1 0 2
2 0 9 0.025 0.5 0.025 0.025 5.2 64.5 -1.4 21.4 1 0 0 0 0 0 0 0 0.05 1 0.05 0.05 1.6 0.25 1 12 0 1 1 1 1 0 2
2 0 9 0.025 0.5 0.025 0.025 4.4 64.5 -1.4 21.4 1 0 0 0 0 0 0 0 0.05 1 0.05 0.05 1.6 0.25 1 12 0 1 1 1 1 0 2
2 0 9 0.025 0.5 0.025 0.025 5.2 64.5 1.4 19.6 1 0 0 0 0 0 0 0 0.05 1 0.05 0.05 1.6 0.25 1 12 0 1 1 1 1 0 2
2 0 9 0.025 0.5 0.025 0.025 4.4 64.5 1.4 19.6 1 0 0 0 0 0 0 0 0.05 1 0.05 0.05 1.6 0.25 1 12 0 1 1 1 1 0 2
2 0 9 0.025 0.5 0.025 0.025 5.2 64.5 -1.4 19.6 1 0 0 0 0 0 0 0 0.05 1 0.05 0.05 1.6 0.25 1 12 0 1 1 1 1 0 2
2 0 9 0.025 0.5 0.025 0.025 4.4 64.5 -1.4 19.6 1 0 0 0 0 0 0 0 0.05 1 0.05 0.05 1.6 0.25 1 12 0 1 1 1 1 0 2
2 0 9 0.5 0.02 1.5 1 4.8 65 0 24.5 1 0 0 0 0 0 0 0 1 0.04 3 2 1.6 0.25 1 18 0 1 1 1 1 1 2
2 0 9 0.025 0.5 0.025 0.025 5.2 64.5 1.4 25.4 1 0 0 0 0 0 0 0 0.05 1 0.05 0.05 1.6 0.25 1 12 0 1 1 1 1 0 2
2 0 9 0.025 0.5 0.025 0.025 4.4 64.5 1.4 25.4 1 0 0 0 0 0 0 0 0.05 1 0.05 0.05 1.6 0.25 1 12 0 1 1 1 1 0 2
2 0 9 0.025 0.5 0.025 0.025 5.2 64.5 -1.4 25.4 1 0 0 0 0 0 0 0 0.05 1 0.05 0.05 1.6 0.25 1 12 0 1 1 1 1 0 2
2 0 9 0.025 0.5 0.025 0.025 4.4 64.5 -1.4 25.4 1 0 0 0 0 0 0 0 0.05 1 0.05 0.05 1.6 0.25 1 12 0 1 1 1 1 0 2
2 0 9 0.025 0.5 0.025 0.025 5.2 64.5 1.4 23.6 1 0 0 0 0 0 0 0 0.05 1 0.05 0.05 1.6 0.25 1 12 0 1 1 1 1 0 2
2 0 9 0.025 0.5 0.025 0.025 4.4 64.5 1.4 23.6 1 0 0 0 0 0 0 0 0.05 1 0.05 0.05 1.6 0.25 1 12 0 1 1 1 1 0 2
2 0 9 0.025 0.5 0.025 0.025 5.2 64.5 -1.4 23.6 1 0 0 0 0 0 0 0 0.05 1 0.05 0.05 1.6 0.25 1 12 0 1 1 1 1 0 2
2 0 9 0.025 0.5 0.025 0.025 4.4 64.5 -1.4 23.6 1 0 0 0 0 0 0 0 0.05 1 0.05 0.05 1.6 0.25 1 12 0 1 1 1 1 0 2
2 0 9 0.5 0.02 1.5 1 22.5 65 0 24.5 1 0 0 0 0 0 0 0 1 0.04 3 2 1.6 0.25 1 8 0 1 1 1 1 1 2
2 0 9 0.025 0.5 0.025 0.025 22.9 64.5 1.4 25.4 1 0 0 0 0 0 0 0 0.05 1 0.05 0.05 1.6 0.25 1 12 0 1 1 1 1 0 2
2 0 9 0.025 0.5 0.025 0.025 22.1 64.5 1.4 25.4 1 0 0 0 0 0 0 0 0.05 1 0.05 0.05 1.6 0.25 1 12 0 1 1 1 1 0 2
2 0 9 0.025 0.5 0.025 0.025 22.9 64.5 -1.4 25.4 1 0 0 0 0 0 0 0 0.05 1 0.05 0.05 1.6 0.25 1 12 0 1 1 1 1 0 2
2 0 9 0.025 0.5 0.025 0.025 22.1 64.5 -1.4 25.4 1 0 0 0 0 0 0 0 0.05 1 0.05 0.05 1.6 0.25 1 12 0 1 1 1 1 0 2
2 0 9 0.025 0.5 0.025 0.025 22.9 64.5 1.4 23.6 1 0 0 0 0 0 0 0 0.05 1 0.05 0.05 1.6 0.25 1 12 0 1 1 1 1 0 2
2 0 9 0.025 0.5 0.025 0.025 22.1 64.5 1.4 23.6 1 0 0 0 0 0 0 0 0.05 1 0.05 0.05 1.6 0.25 1 12 0 1 1 1 1 0 2
2 0 9 0.025 0.5 0.025 0.025 22.9 64.5 -1.4 23.6 1 0 0 0 0 0 0 0 0.05 1 0.05 0.05 1.6 0.25 1 12 0 1 1 1 1 0 2
2 0 9 0.025 0.5 0.025 0.025 22.1 64.5 -1.4 23.6 1 0 0 0 0 0 0 0 0.05 1 0.05 0.05 1.6 0.25 1 12 0 1 1 1 1 0 2
2 0 9 0.5 0.02 1.5 1 22.5 65 0 20.5 1 0 0 0 0 0 0 0 1 0.04 3 2 1.6 0.25 1 8 0 1 1 1 1 1 2
2 0 9 0.025 0.5 0.025 0.025 22.9 64.5 1.4 21.4 1 0 0 0 0 0 0 0 0.05 1 0.05 0.05 1.6 0.25 1 12 0 1 1 1 1 0 2
2 0 9 0.025 0.5 0.025 0.025 22.1 64.5 1.4 21.4 1 0 0 0 0 0 0 0 0.05 1 0.05 0.05 1.6 0.25 1 12 0 1 1 1 1 0 2
2 0 9 0.025 0.5 0.025 0.025 22.9 64.5 -1.4 21.4 1 0 0 0 0 0 0 0 0.05 1 0.05 0.05 1.6 0.25 1 12 0 1 1 1 1 0 2
2 0 9 0.025 0.5 0.025 0.025 22.1 64.5 -1.4 21.4 1 0 0 0 0 0 0 0 0.05 1 0.05 0.05 1.6 0.25 1 12 0 1 1 1 1 0 2
2 0 9 0.025 0.5 0.025 0.025 22.9 64.5 1.4 19.6 1 0 0 0 0 0 0 0 0.05 1 0.05 0.05 1.6 0.25 1 12 0 1 1 1 1 0 2
2 0 9 0.025 0.5 0.025 0.025 22.1 64.5 1.4 19.6 1 0 0 0 0 0 0 0 0.05 1 0.05 0.05 1.6 0.25 1 12 0 1 1 1 1 0 2
2 0 9 0.025 0.5 0.025 0.025 22.9 64.5 -1.4 19.6 1 0 0 0 0 0 0 0 0.05 1 0.05 0.05 1.6 0.25 1 12 0 1 1 1 1 0 2
2 0 9 0.025 0.5 0.025 0.025 22.1 64.5 -1.4 19.6 1 0 0 0 0 0 0 0 0.05 1 0.05 0.05 1.6 0.25 1 12 0 1 1 1 1 0 2
2 0 9 0.5 0.02 1.5 1 22.5 65 0 28.5 1 0 0 0 0 0 0 0 1 0.04 3 2 1.6 0.25 1 8 0 1 1 1 1 1 2
2 0 9 0.025 0.5 0.025 0.025 22.9 64.5 1.4 29.4 1 0 0 0 0 0 0 0 0.05 1 0.05 0.05 1.6 0.25 1 12 0 1 1 1 1 0 2
2 0 9 0.025 0.5 0.025 0.025 22.1 64.5 1.4 29.4 1 0 0 0 0 0 0 0 0.05 1 0.05 0.05 1.6 0.25 1 12 0 1 1 1 1 0 2
2 0 9 0.025 0.5 0.025 0.025 22.9 64.5 -1.4 29.4 1 0 0 0 0 0 0 0 0.05 1 0.05 0.05 1.6 0.25 1 12 0 1 1 1 1 0 2
2 0 9 0.025 0.5 0.025 0.025 22.1 64.5 -1.4 29.4 1 0 0 0 0 0 0 0 0.05 1 0.05 0.05 1.6 0.25 1 12 0 1 1 1 1 0 2
2 0 9 0.025 0.5 0.025 0.025 22.9 64.5 1.4 27.6 1 0 0 0 0 0 0 0 0.05 1 0.05 0.05 1.6 0.25 1 12 0 1 1 1 1 0 2
2 0 9 0.025 0.5 0.025 0.025 22.1 64.5 1.4 27.6 1 0 0 0 0 0 0 0 0.05 1 0.05 0.05 1.6 0.25 1 12 0 1 1 1 1 0 2
2 0 9 0.025 0.5 0.025 0.025 22.9 64.5 -1.4 27.6 1 0 0 0 0 0 0 0 0.05 1 0.05 0.05 1.6 0.25 1 12 0 1 1 1 1 0 2
2 0 9 0.025 0.5 0.025 0.025 22.1 64.5 -1.4 27.6 1 0 0 0 0 0 0 0 0.05 1 0.05 0.05 1.6 0.25 1 12 0 1 1 1 1 0 2
2 0 9 0.5 0.02 1.5 1 18.5 65 0 24.5 1 0 0 0 0 0 0 0 1 0.04 3 2 1.6 0.25 1 8 0 1 1 1 1 1 2
2 0 9 0.025 0.5 0.025 0.025 18.9 64.5 1.4 25.4 1 0 0 0 0 0 0 0 0.05 1 0.05 0.05 1.6 0.25 1 12 0 1 1 1 1 0 2
2 0 9 0.025 0.5 0.025 0.025 18.1 64.5 1.4 25.4 1 0 0 0 0 0 0 0 0.05 1 0.05 0.05 1.6 0.25 1 12 0 1 1 1 1 0 2
2 0 9 0.025 0.5 0.025 0.025 18.9 64.5 -1.4 25.4 1 0 0 0 0 0 0 0 0.05 1 0.05 0.05 1.6 0.25 1 12 0 1 1 1 1 0 2
2 0 9 0.025 0.5 0.025 0.025 18.1 64.5 -1.4 25.4 1 0 0 0 0 0 0 0 0.05 1 0.05 0.05 1.6 0.25 1 12 0 1 1 1 1 0 2
2 0 9 0.025 0.5 0.025 0.025 18.9 64.5 1.4 23.6 1 0 0 0 0 0 0 0 0.05 1 0.05 0.05 1.6 0.25 1 12 0 1 1 1 1 0 2
2 0 9 0.025 0.5 0.025 0.025 18.1 64.5 1.4 23.6 1 0 0 0 0 0 0 0 0.05 1 0.05 0.05 1.6 0.25 1 12 0 1 1 1 1 0 2
2 0 9 0.025 0.5 0.025 0.025 18.9 64.5 -1.4 23.6 1 0 0 0 0 0 0 0 0.05 1 0.05 0.05 1.6 0.25 1 12 0 1 1 1 1 0 2
2 0 9 0.025 0.5 0.025 0.025 18.1 64.5 -1.4 23.6 1 0 0 0 0 0 0 0 0.05 1 0.05 0.05 1.6 0.25 1 12 0 1 1 1 1 0 2
2 0 9 0.5 0.02 1.5 1 18.5 65 0 20.5 1 0 0 0 0 0 0 0 1 0.04 3 2 1.6 0.25 1 8 0 1 1 1 1 1 2
2 0 9 0.025 0.5 0.025 0.025 18.9 64.5 1.4 21.4 1 0 0 0 0 0 0 0 0.05 1 0.05 0.05 1.6 0.25 1 12 0 1 1 1 1 0 2
2 0 9 0.025 0.5 0.025 0.025 18.1 64.5 1.4 21.4 1 0 0 0 0 0 0 0 0.05 1 0.05 0.05 1.6 0.25 1 12 0 1 1 1 1 0 2
2 0 9 0.025 0.5 0.025 0.025 18.9 64.5 -1.4 21.4 1 0 0 0 0 0 0 0 0.05 1 0.05 0.05 1.6 0.25 1 12 0 1 1 1 1 0 2
2 0 9 0.025 0.5 0.025 0.025 18.1 64.5 -1.4 21.4 1 0 0 0 0 0 0 0 0.05 1 0.05 0.05 1.6 0.25 1 12 0 1 1 1 1 0 2
2 0 9 0.025 0.5 0.025 0.025 18.9 64.5 1.4 19.6 1 0 0 0 0 0 0 0 0.05 1 0.05 0.05 1.6 0.25 1 12 0 1 1 1 1 0 2
2 0 9 0.025 0.5 0.025 0.025 18.1 64.5 1.4 19.6 1 0 0 0 0 0 0 0 0.05 1 0.05 0.05 1.6 0.25 1 12 0 1 1 1 1 0 2
2 0 9 0.025 0.5 0.025 0.025 18.9 64.5 -1.4 19.6 1 0 0 0 0 0 0 0 0.05 1 0.05 0.05 1.6 0.25 1 12 0 1 1 1 1 0 2
2 0 9 0.025 0.5 0.025 0.025 18.1 64.5 -1.4 19.6 1 0 0 0 0 0 0 0 0.05 1 0.05 0.05 1.6 0.25 1 12 0 1 1 1 1 0 2
2 0 9 0.5 0.02 1.5 1 18.5 65 0 28.5 1 0 0 0 0 0 0 0 1 0.04 3 2 1.6 0.25 1 8 0 1 1 1 1 1 2
2 0 9 0.025 0.5 0.025 0.025 18.9 64.5 1.4 29.4 1 0 0 0 0 0 0 0 0.05 1 0.05 0.05 1.6 0.25 1 12 0 1 1 1 1 0 2
2 0 9 0.025 0.5 0.025 0.025 18.1 64.5 1.4 29.4 1 0 0 0 0 0 0 0 0.05 1 0.05 0.05 1.6 0.25 1 12 0 1 1 1 1 0 2
2 0 9 0.025 0.5 0.025 0.025 18.9 64.5 -1.4 29.4 1 0 0 0 0 0 0 0 0.05 1 0.05 0.05 1.6 0.25 1 12 0 1 1 1 1 0 2
2 0 9 0.025 0.5 0.025 0.025 18.1 64.5 -1.4 29.4 1 0 0 0 0 0 0 0 0.05 1 0.05 0.05 1.6 0.25 1 12 0 1 1 1 1 0 2
2 0 9 0.025 0.5 0.025 0.025 18.9 64.5 1.4 27.6 1 0 0 0 0 0 0 0 0.05 1 0.05 0.05 1.6 0.25 1 12 0 1 1 1 1 0 2
2 0 9 0.025 0.5 0.025 0.025 18.1 64.5 1.4 27.6 1 0 0 0 0 0 0 0 0.05 1 0.05 0.05 1.6 0.25 1 12 0 1 1 1 1 0 2
2 0 9 0.025 0.5 0.025 0.025 18.9 64.5 -1.4 27.6 1 0 0 0 0 0 0 0 0.05 1 0.05 0.05 1.6 0.25 1 12 0 1 1 1 1 0 2
2 0 9 0.025 0.5 0.025 0.025 18.1 64.5 -1.4 27.6 1 0 0 0 0 0 0 0 0.05 1 0.05 0.05 1.6 0.25 1 12 0 1 1 1 1 0 2
2 0 9 0.5 0.02 1.5 1 14.5 65 0 24.5 1 0 0 0 0 0 0 0 1 0.04 3 2 1.6 0.25 1 8 0 1 1 1 1 1 2
2 0 9 0.025 0.5 0.025 0.025 14.9 64.5 1.4 25.4 1 0 0 0 0 0 0 0 0.05 1 0.05 0.05 1.6 0.25 1 12 0 1 1 1 1 0 2
2 0 9 0.025 0.5 0.025 0.025 14.1 64.5 1.4 25.4 1 0 0 0 0 0 0 0 0.05 1 0.05 0.05 1.6 0.25 1 12 0 1 1 1 1 0 2
2 0 9 0.025 0.5 0.025 0.025 14.9 64.5 -1.4 25.4 1 0 0 0 0 0 0 0 0.05 1 0.05 0.05 1.6 0.25 1 12 0 1 1 1 1 0 2
2 0 9 0.025 0.5 0.025 0.025 14.1 64.5 -1.4 25.4 1 0 0 0 0 0 0 0 0.05 1 0.05 0.05 1.6 0.25 1 12 0 1 1 1 1 0 2
2 0 9 0.025 0.5 0.025 0.025 14.9 64.5 1.4 23.6 1 0 0 0 0 0 0 0 0.05 1 0.05 0.05 1.6 0.25 1 12 0 1 1 1 1 0 2
2 0 9 0.025 0.5 0.025 0.025 14.1 64.5 1.4 23.6 1 0 0 0 0 0 0 0 0.05 1 0.05 0.05 1.6 0.25 1 12 0 1 1 1 1 0 2
2 0 9 0.025 0.5 0.025 0.025 14.9 64.5 -1.4 23.6 1 0 0 0 0 0 0 0 0.05 1 0.05 0.05 1.6 0.25 1 12 0 1 1 1 1 0 2
2 0 9 0.025 0.5 0.025 0.025 14.1 64.5 -1.4 23.6 1 0 0 0 0 0 0 0 0.05 1 0.05 0.05 1.6 0.25 1 12 0 1 1 1 1 0 2
2 0 9 0.5 0.02 1.5 1 14.5 65 0 20.5 1 0 0 0 0 0 0 0 1 0.04 3 2 1.6 0.25 1 8 0 1 1 1 1 1 2
2 0 9 0.025 0.5 0.025 0.025 14.9 64.5 1.4 21.4 1 0 0 0 0 0 0 0 0.05 1 0.05 0.05 1.6 0.25 1 12 0 1 1 1 1 0 2
2 0 9 0.025 0.5 0.025 0.025 14.1 64.5 1.4 21.4 1 0 0 0 0 0 0 0 0.05 1 0.05 0.05 1.6 0.25 1 12 0 1 1 1 1 0 2
2 0 9 0.025 0.5 0.025 0.025 14.9 64.5 -1.4 21.4 1 0 0 0 0 0 0 0 0.05 1 0.05 0.05 1.6 0.25 1 12 0 1 1 1 1 0 2
2 0 9 0.025 0.5 0.025 0.025 14.1 64.5 -1.4 21.4 1 0 0 0 0 0 0 0 0.05 1 0.05 0.05 1.6 0.25 1 12 0 1 1 1 1 0 2
2 0 9 0.025 0.5 0.025 0.025 14.9 64.5 1.4 19.6 1 0 0 0 0 0 0 0 0.05 1 0.05 0.05 1.6 0.25 1 12 0 1 1 1 1 0 2
2 0 9 0.025 0.5 0.025 0.025 14.1 64.5 1.4 19.6 1 0 0 0 0 0 0 0 0.05 1 0.05 0.05 1.6 0.25 1 12 0 1 1 1 1 0 2
2 0 9 0.025 0.5 0.025 0.025 14.9 64.5 -1.4 19.6 1 0 0 0 0 0 0 0 0.05 1 0.05 0.05 1.6 0.25 1 12 0 1 1 1 1 0 2
2 0 9 0.025 0.5 0.025 0.025 14.1 64.5 -1.4 19.6 1 0 0 0 0 0 0 0 0.05 1 0.05 0.05 1.6 0.25 1 12 0 1 1 1 1 0 2
2 0 9 0.5 0.02 1.5 1 14.5 65 0 28.5 1 0 0 0 0 0 0 0 1 0.04 3 2 1.6 0.25 1 8 0 1 1 1 1 1 2
2 0 9 0.025 0.5 0.025 0.025 14.9 64.5 1.4 29.4 1 0 0 0 0 0 0 0 0.05 1 0.05 0.05 1.6 0.25 1 12 0 1 1 1 1 0 2
2 0 9 0.025 0.5 0.025 0.025 14.1 64.5 1.4 29.4 1 0 0 0 0 0 0 0 0.05 1 0.05 0.05 1.6 0.25 1 12 0 1 1 1 1 0 2
2 0 9 0.025 0.5 0.025 0.025 14.9 64.5 -1.4 29.4 1 0 0 0 0 0 0 0 0.05 1 0.05 0.05 1.6 0.25 1 12 0 1 1 1 1 0 2
2 0 9 0.025 0.5 0.025 0.025 14.1 64.5 -1.4 29.4 1 0 0 0 0 0 0 0 0.05 1 0.05 0.05 1.6 0.25 1 12 0 1 1 1 1 0 2
2 0 9 0.025 0.5 0.025 0.025 14.9 64.5 1.4 27.6 1 0 0 0 0 0 0 0 0.05 1 0.05 0.05 1.6 0.25 1 12 0 1 1 1 1 0 2
2 0 9 0.025 0.5 0.025 0.025 14.1 64.5 1.4 27.6 1 0 0 0 0 0 0 0 0.05 1 0.05 0.05 1.6 0.25 1 12 0 1 1 1 1 0 2
2 0 9 0.025 0.5 0.025 0.025 14.9 64.5 -1.4 27.6 1 0 0 0 0 0 0 0 0.05 1 0.05 0.05 1.6 0.25 1 12 0 1 1 1 1 0 2
2 0 9 0.025 0.5 0.025 0.025 14.1 64.5 -1.4 27.6 1 0 0 0 0 0 0 0 0.05 1 0.05 0.05 1.6 0.25 1 12 0 1 1 1 1 0 2
2 0 9 0.5 0.02 1.5 1 10.5 65 0 24.5 1 0 0 0 0 0 0 0 1 0.04 3 2 1.6 0.25 1 8 0 1 1 1 1 1 2
2 0 9 0.025 0.5 0.025 0.025 10.9 64.5 1.4 25.4 1 0 0 0 0 0 0 0 0.05 1 0.05 0.05 1.6 0.25 1 12 0 1 1 1 1 0 2
2 0 9 0.025 0.5 0.025 0.025 10.1 64.5 1.4 25.4 1 0 0 0 0 0 0 0 0.05 1 0.05 0.05 1.6 0.25 1 12 0 1 1 1 1 0 2
2 0 9 0.025 0.5 0.025 0.025 10.9 64.5 -1.4 25.4 1 0 0 0 0 0 0 0 0.05 1 0.05 0.05 1.6 0.25 1 12 0 1 1 1 1 0 2
2 0 9 0.025 0.5 0.025 0.025 10.1 64.5 -1.4 25.4 1 0 0 0 0 0 0 0 0.05 1 0.05 0.05 1.6 0.25 1 12 0 1 1 1 1 0 2
2 0 9 0.025 0.5 0.025 0.025 10.9 64.5 1.4 23.6 1 0 0 0 0 0 0 0 0.05 1 0.05 0.05 1.6 0.25 1 12 0 1 1 1 1 0 2
2 0 9 0.025 0.5 0.025 0.025 10.1 64.5 1.4 23.6 1 0 0 0 0 0 0 0 0.05 1 0.05 0.05 1.6 0.25 1 12 0 1 1 1 1 0 2
2 0 9 0.025 0.5 0.025 0.025 10.9 64.5 -1.4 23.6 1 0 0 0 0 0 0 0 0.05 1 0.05 0.05 1.6 0.25 1 12 0 1 1 1 1 0 2
2 0 9 0.025 0.5 0.025 0.025 10.1 64.5 -1.4 23.6 1 0 0 0 0 0 0 0 0.05 1 0.05 0.05 1.6 0.25 1 12 0 1 1 1 1 0 2
2 0 9 0.5 0.02 1.5 1 10.5 65 0 20.5 1 0 0 0 0 0 0 0 1 0.04 3 2 1.6 0.25 1 8 0 1 1 1 1 1 2
2 0 9 0.025 0.5 0.025 0.025 10.9 64.5 1.4 21.4 1 0 0 0 0 0 0 0 0.05 1 0.05 0.05 1.6 0.25 1 12 0 1 1 1 1 0 2
2 0 9 0.025 0.5 0.025 0.025 10.1 64.5 1.4 21.4 1 0 0 0 0 0 0 0 0.05 1 0.05 0.05 1.6 0.25 1 12 0 1 1 1 1 0 2
2 0 9 0.025 0.5 0.025 0.025 10.9 64.5 -1.4 21.4 1 0 0 0 0 0 0 0 0.05 1 0.05 0.05 1.6 0.25 1 12 0 1 1 1 1 0 2
2 0 9 0.025 0.5 0.025 0.025 10.1 64.5 -1.4 21.4 1 0 0 0 0 0 0 0 0.05 1 0.05 0.05 1.6 0.25 1 12 0 1 1 1 1 0 2
2 0 9 0.025 0.5 0.025 0.025 10.9 64.5 1.4 19.6 1 0 0 0 0 0 0 0 0.05 1 0.05 0.05 1.6 0.25 1 12 0 1 1 1 1 0 2
2 0 9 0.025 0.5 0.025 0.025 10.1 64.5 1.4 19.6 1 0 0 0 0 0 0 0 0.05 1 0.05 0.05 1.6 0.25 1 12 0 1 1 1 1 0 2
2 0 9 0.025 0.5 0.025 0.025 10.9 64.5 -1.4 19.6 1 0 0 0 0 0 0 0 0.05 1 0.05 0.05 1.6 0.25 1 12 0 1 1 1 1 0 2
2 0 9 0.025 0.5 0.025 0.025 10.1 64.5 -1.4 19.6 1 0 0 0 0 0 0 0 0.05 1 0.05 0.05 1.6 0.25 1 12 0 1 1 1 1 0 2
2 0 9 0.5 0.02 1.5 1 10.5 65 0 28.5 1 0 0 0 0 0 0 0 1 0.04 3 2 1.6 0.25 1 8 0 1 1 1 1 1 2
2 0 9 0.025 0.5 0.025 0.025 10.9 64.5 1.4 29.4 1 0 0 0 0 0 0 0 0.05 1 0.05 0.05 1.6 0.25 1 12 0 1 1 1 1 0 2
2 0 9 0.025 0.5 0.025 0.025 10.1 64.5 1.4 29.4 1 0 0 0 0 0 0 0 0.05 1 0.05 0.05 1.6 0.25 1 12 0 1 1 1 1 0 2
2 0 9 0.025 0.5 0.025 0.025 10.9 64.5 -1.4 29.4 1 0 0 0 0 0 0 0 0.05 1 0.05 0.05 1.6 0.25 1 12 0 1 1 1 1 0 2
2 0 9 0.025 0.5 0.025 0.025 10.1 64.5 -1.4 29.4 1 0 0 0 0 0 0 0 0.05 1 0.05 0.05 1.6 0.25 1 12 0 1 1 1 1 0 2
2 0 9 0.025 0.5 0.025 0.025 10.9 64.5 1.4 27.6 1 0 0 0 0 0 0 0 0.05 1 0.05 0.05 1.6 0.25 1 12 0 1 1 1 1 0 2
2 0 9 0.025 0.5 0.025 0.025 10.1 64.5 1.4 27.6 1 0 0 0 0 0 0 0 0.05 1 0.05 0.05 1.6 0.25 1 12 0 1 1 1 1 0 2
2 0 9 0.025 0.5 0.025 0.025 10.9 64.5 -1.4 27.6 1 0 0 0 0 0 0 0 0.05 1 0.05 0.05 1.6 0.25 1 12 0 1 1 1 1 0 2
2 0 9 0.025 0.5 0.025 0.025 10.1 64.5 -1.4 27.6 1 0 0 0 0 0 0 0 0.05 1 0.05 0.05 1.6 0.25 1 12 0 1 1 1 1 0 2
2 0 9 0.5 0.02 1.5 1 6.5 65 0 24.5 1 0 0 0 0 0 0 0 1 0.04 3 2 1.6 0.25 1 8 0 1 1 1 1 1 2
2 0 9 0.025 0.5 0.025 0.025 6.9 64.5 1.4 25.4 1 0 0 0 0 0 0 0 0.05 1 0.05 0.05 1.6 0.25 1 12 0 1 1 1 1 0 2
2 0 9 0.025 0.5 0.025 0.025 6.1 64.5 1.4 25.4 1 0 0 0 0 0 0 0 0.05 1 0.05 0.05 1.6 0.25 1 12 0 1 1 1 1 0 2
2 0 9 0.025 0.5 0.025 0.025 6.9 64.5 -1.4 25.4 1 0 0 0 0 0 0 0 0.05 1 0.05 0.05 1.6 0.25 1 12 0 1 1 1 1 0 2
2 0 9 0.025 0.5 0.025 0.025 6.1 64.5 -1.4 25.4 1 0 0 0 0 0 0 0 0.05 1 0.05 0.05 1.6 0.25 1 12 0 1 1 1 1 0 2
2 0 9 0.025 0.5 0.025 0.025 6.9 64.5 1.4 23.6 1 0 0 0 0 0 0 0 0.05 1 0.05 0.05 1.6 0.25 1 12 0 1 1 1 1 0 2
2 0 9 0.025 0.5 0.025 0.025 6.1 64.5 1.4 23.6 1 0 0 0 0 0 0 0 0.05 1 0.05 0.05 1.6 0.25 1 12 0 1 1 1 1 0 2
2 0 9 0.025 0.5 0.025 0.025 6.9 64.5 -1.4 23.6 1 0 0 0 0 0 0 0 0.05 1 0.05 0.05 1.6 0.25 1 12 0 1 1 1 1 0 2
2 0 9 0.025 0.5 0.025 0.025 6.1 64.5 -1.4 23.6 1 0 0 0 0 0 0 0 0.05 1 0.05 0.05 1.6 0.25 1 12 0 1 1 1 1 0 2
2 0 9 0.5 0.02 1.5 1 6.5 65 0 20.5 1 0 0 0 0 0 0 0 1 0.04 3 2 1.6 0.25 1 8 0 1 1 1 1 1 2
2 0 9 0.025 0.5 0.025 0.025 6.9 64.5 1.4 21.4 1 0 0 0 0 0 0 0 0.05 1 0.05 0.05 1.6 0.25 1 12 0 1 1 1 1 0 2
2 0 9 0.025 0.5 0.025 0.025 6.1 64.5 1.4 21.4 1 0 0 0 0 0 0 0 0.05 1 0.05 0.05 1.6 0.25 1 12 0 1 1 1 1 0 2
2 0 9 0.025 0.5 0.025 0.025 6.9 64.5 -1.4 21.4 1 0 0 0 0 0 0 0 0.05 1 0.05 0.05 1.6 0.25 1 12 0 1 1 1 1 0 2
2 0 9 0.025 0.5 0.025 0.025 6.1 64.5 -1.4 21.4 1 0 0 0 0 0 0 0 0.05 1 0.05 0.05 1.6 0.25 1 12 0 1 1 1 1 0 2
2 0 9 0.025 0.5 0.025 0.025 6.9 64.5 1.4 19.6 1 0 0 0 0 0 0 0 0.05 1 0.05 0.05 1.6 0.25 1 12 0 1 1 1 1 0 2
2 0 9 0.025 0.5 0.025 0.025 6.1 64.5 1.4 19.6 1 0 0 0 0 0 0 0 0.05 1 0.05 0.05 1.6 0.25 1 12 0 1 1 1 1 0 2
2 0 9 0.025 0.5 0.025 0.025 6.9 64.5 -1.4 19.6 1 0 0 0 0 0 0 0 0.05 1 0.05 0.05 1.6 0.25 1 12 0 1 1 1 1 0 2
2 0 9 0.025 0.5 0.025 0.025 6.1 64.5 -1.4 19.6 1 0 0 0 0 0 0 0 0.05 1 0.05 0.05 1.6 0.25 1 12 0 1 1 1 1 0 2
2 0 9 0.5 0.02 1.5 1 6.5 65 0 28.5 1 0 0 0 0 0 0 0 1 0.04 3 2 1.6 0.25 1 8 0 1 1 1 1 1 2
2 0 9 0.025 0.5 0.025 0.025 6.9 64.5 1.4 29.4 1 0 0 0 0 0 0 0 0.05 1 0.05 0.05 1.6 0.25 1 12 0 1 1 1 1 0 2
2 0 9 0.025 0.5 0.025 0.025 6.1 64.5 1.4 29.4 1 0 0 0 0 0 0 0 0.05 1 0.05 0.05 1.6 0.25 1 12 0 1 1 1 1 0 2
2 0 9 0.025 0.5 0.025 0.025 6.9 64.5 -1.4 29.4 1 0 0 0 0 0 0 0 0.05 1 0.05 0.05 1.6 0.25 1 12 0 1 1 1 1 0 2
2 0 9 0.025 0.5 0.025 0.025 6.1 64.5 -1.4 29.4 1 0 0 0 0 0 0 0 0.05 1 0.05 0.05 1.6 0.25 1 12 0 1 1 1 1 0 2
2 0 9 0.025 0.5 0.025 0.025 6.9 64.5 1.4 27.6 1 0 0 0 0 0 0 0 0.05 1 0.05 0.05 1.6 0.25 1 12 0 1 1 1 1 0 2
2 0 9 0.025 0.5 0.025 0.025 6.1 64.5 1.4 27.6 1 0 0 0 0 0 0 0 0.05 1 0.05 0.05 1.6 0.25 1 12 0 1 1 1 1 0 2
2 0 9 0.025 0.5 0.025 0.025 6.9 64.5 -1.4 27.6 1 0 0 0 0 0 0 0 0.05 1 0.05 0.05 1.6 0.25 1 12 0 1 1 1 1 0 2
2 0 9 0.025 0.5 0.025 0.025 6.1 64.5 -1.4 27.6 1 0 0 0 0 0 0 0 0.05 1 0.05 0.05 1.6 0.25 1 12 0 1 1 1 1 0 2
2 0 9 0.5 3 0.5 0.5 16.5 67 -3 21.5 1 0 0 0 0 0 0 0 1 6 1 1 1.265 0.25 1 30 0 1 1 1 1 1 2
2 0 9 0.5 3 0.5 0.5 10.5 67 -3 21.5 1 0 0 0 0 0 0 0 1 6 1 1 1.265 0.25 1 53 0 1 1 1 1 1 2
2 0 9 0.5 3 0.5 0.5 16.5 67 3 21.5 1 0 0 0 0 0 0 0 1 6 1 1 1.265 0.25 1 33 0 1 1 1 1 1 2
2 0 9 0.5 3 0.5 0.5 10.5 67 3 21.5 1 0 0 0 0 0 0 0 1 6 1 1 1.265 0.25 1 34 0 1 1 1 1 1 2
2 0 9 0.5 3 0.5 0.5 16.5 67 -3 27.5 1 0 0 0 0 0 0 0 1 6 1 1 1.265 0.25 1 35 0 1 1 1 1 1 2
2 0 9 0.5 3 0.5 0.5 10.5 67 -3 27.5 1 0 0 0 0 0 0 0 1 6 1 1 1.265 0.25 1 36 0 1 1 1 1 1 2
2 0 9 0.5 3 0.5 0.5 16.5 67 3 27.5 1 0 0 0 0 0 0 0 1 6 1 1 1.265 0.25 1 37 0 1 1 1 1 1 2
2 0 9 0.5 3 0.5 0.5 10.5 67 3 27.5 1 0 0 0 0 0 0 0 1 6 1 1 1.265 0.25 1 34 0 1 1 1 1 1 2
2 0 9 0.5 0.0775 0.3 0.5 15.5 64.0775 2.7 25.5 1 0 0 0 0 0 0 0 1 0.155 0.6 1 1.6 0.25 0 12 0 1 1 1 1 2 2
2 0 9 0.5 0.0775 0.3 0.5 15.5 64.2325 2.52105 25.5 1 0 0 0 0 0 0 0 1 0.155 0.6 1 1.6 0.25 0 12 0 1 1 1 1 2 2
2 0 9 0.5 0.0775 0.3 0.5 15.5 64.3875 2.34211 25.5 1 0 0 0 0 0 0 0 1 0.155 0.6 1 1.6 0.25 0 12 0 1 1 1 1 2 2
2 0 9 0.5 0.0775 0.3 0.5 15.5 64.5425 2.16316 25.5 1 0 0 0 0 0 0 0 1 0.155 0.6 1 1.6 0.25 0 12 0 1 1 1 1 2 2
2 0 9 0.5 0.0775 0.3 0.5 15.5 64.6975 1.98421 25.5 1 0 0 0 0 0 0 0 1 0.155 0.6 1 1.6 0.25 0 12 0 1 1 1 1 2 2
2 0 9 0.5 0.0775 0.3 0.5 15.5 64.8525 1.80526 25.5 1 0 0 0 0 0 0 0 1 0.155 0.6 1 1.6 0.25 0 12 0 1 1 1 1 2 2
2 0 9 0.5 0.0775 0.3 0.5 15.5 65.0075 1.62632 25.5 1 0 0 0 0 0 0 0 1 0.155 0.6 1 1.6 0.25 0 12 0 1 1 1 1 2 2
2 0 9 0.5 0.0775 0.3 0.5 15.5 65.1625 1.44737 25.5 1 0 0 0 0 0 0 0 1 0.155 0.6 1 1.6 0.25 0 12 0 1 1 1 1 2 2
2 0 9 0.5 0.0775 0.3 0.5 15.5 65.3175 1.26842 25.5 1 0 0 0 0 0 0 0 1 0.155 0.6 1 1.6 0.25 0 12 0 1 1 1 1 2 2
2 0 9 0.5 0.0775 0.3 0.5 15.5 65.4725 1.08947 25.5 1 0 0 0 0 0 0 0 1 0.155 0.6 1 1.6 0.25 0 12 0 1 1 1 1 2 2
2 0 9 0.5 0.0775 0.3 0.5 15.5 65.6275 0.910526 25.5 1 0 0 0 0 0 0 0 1 0.155 0.6 1 1.6 0.25 0 12 0 1 1 1 1 2 2
2 0 9 0.5 0.0775 0.3 0.5 15.5 65.7825 0.731579 25.5 1 0 0 0 0 0 0 0 1 0.155 0.6 1 1.6 0.25 0 12 0 1 1 1 1 2 2
2 0 9 0.5 0.0775 0.3 0.5 15.5 65.9375 0.552632 25.5 1 0 0 0 0 0 0 0 1 0.155 0.6 1 1.6 0.25 0 12 0 1 1 1 1 2 2
2 0 9 0.5 0.0775 0.3 0.5 15.5 66.0925 0.373684 25.5 1 0 0 0 0 0 0 0 1 0.155 0.6 1 1.6 0.25 0 12 0 1 1 1 1 2 2
2 0 9 0.5 0.0775 0.3 0.5 15.5 66.2475 0.194737 25.5 1 0 0 0 0 0 0 0 1 0.155 0.6 1 1.6 0.25 0 12 0 1 1 1 1 2 2
2 0 9 0.5 0.0775 0.3 0.5 15.5 66.4025 0.0157894 25.5 1 0 0 0 0 0 0 0 1 0.155 0.6 1 1.6 0.25 0 12 0 1 1 1 1 2 2
2 0 9 0.5 0.0775 0.3 0.5 15.5 66.5575 -0.163158 25.5 1 0 0 0 0 0 0 0 1 0.155 0.6 1 1.6 0.25 0 12 0 1 1 1 1 2 2
2 0 9 0.5 0.0775 0.3 0.5 15.5 66.7125 -0.342105 25.5 1 0 0 0 0 0 0 0 1 0.155 0.6 1 1.6 0.25 0 12 0 1 1 1 1 2 2
2 0 9 0.5 0.0775 0.3 0.5 15.5 66.8675 -0.521053 25.5 1 0 0 0 0 0 0 0 1 0.155 0.6 1 1.6 0.25 0 12 0 1 1 1 1 2 2
2 0 9 0.5 0.0775 0.3 0.5 15.5 67.0225 -0.7 25.5 1 0 0 0 0 0 0 0 1 0.155 0.6 1 1.6 0.25 0 12 0 1 1 1 1 2 2
2 0 15 1 1 1 1 11.5 68.1 3 24.5 1 0 0 0 0 0 0 0 2 2 2 2 1.265 0.25 1 33 0 1 1 1 1 4 2
2 0 16 1 1 1 1 13.5 68.1 3 24.5 1 0 0 0 0 0 0 0 2 2 2 2 1.265 0.25 1 33 0 1 1 1 1 4 2
2 0 1 1 1 1 1 15.5 68.1 3 24.5 1 0 0 0 0 0 0 0 2 2 2 2 1.265 0.25 1 33 0 1 1 1 1 4 2
2 0 9 0.1 1.6 7.5 1.295 5.4 65.4 0 30.205 1 0 0 0 0 0 0 0 0.2 3.2 15 2.59 1.6 0.25 0 27 0 1 1 1 1 1 2
2 0 9 0.1 1.6 7.5 5.295 5.4 65.4 0 22.795 1 0 0 0 0 0 0 0 0.2 3.2 15 10.59 1.6 0.25 0 27 0 1 1 1 1 1 2
2 0 9 0.1 0.545 0.41 0.41 5.4 66.455 0 28.5 1 0 0 0 0 0 0 0 0.2 1.09 0.82 0.82 1.6 0.25 0 27 0 1 1 1 1 1 2
2 0 9 0.1 1.6 3.545 0.41 5.4 65.4 3.955 28.5 1 0 0 0 0 0 0 0 0.2 3.2 7.09 0.82 1.6 0.25 0 27 0 1 1 1 1 1 2
2 0 9 0.1 1.6 3.545 0.41 5.4 65.4 -3.955 28.5 1 0 0 0 0 0 0 0 0.2 3.2 7.09 0.82 1.6 0.25 0 27 0 1 1 1 1 1 2
2 0 9 0.1125 0.95 0.05 0.5 5.4 64.95 -0.45 28.5 1 0 0 0 0 0 0 0 0.225 1.9 0.1 1 1.6 0.25 1 51 0 1 1 1 1 0 2
2 0 9 0.1125 0.95 0.05 0.5 5.4 64.95 0.45 28.5 1 0 0 0 0 0 0 0 0.225 1.9 0.1 1 1.6 0.25 1 51 0 1 1 1 1 0 2
2 0 9 0.1125 0.05 0.5 0.5 5.4 65.95 0 28.5 1 0 0 0 0 0 0 0 0.225 0.1 1 1 1.6 0.25 1 51 0 1 1 1 1 0 2
2 0 9 0.1125 0.95 0.4 0.05 5.4 64.95 0 28.05 1 0 0 0 0 0 0 0 0.225 1.9 0.8 0.1 1.6 0.25 1 51 0 1 1 1 1 0 2
2 0 9 0.1125 0.95 0.4 0.05 5.4 64.95 0 28.95 1 0 0 0 0 0 0 0 0.225 1.9 0.8 0.1 1.6 0.25 1 51 0 1 1 1 1 0 2
2 0 9 0.11 0.05 7.5 1.25 5.4 64.05 0 30.25 1 0 0 0 0 0 0 0 0.22 0.1 15 2.5 1.6 0.25 1 15 0 0 0 0 1 0 2
2 0 9 0.11 0.05 7.5 5.25 5.4 64.05 0 22.75 1 0 0 0 0 0 0 0 0.22 0.1 15 10.5 1.6 0.25 1 15 0 0 0 0 1 0 2
2 0 9 0.11 0.05 3.5 0.5 5.4 64.05 4 28.5 1 0 0 0 0 0 0 0 0.22 0.1 7 1 1.6 0.25 1 15 0 0 0 0 1 0 2
2 0 9 0.11 0.05 3.5 0.5 5.4 64.05 -4 28.5 1 0 0 0 0 0 0 0 0.22 0.1 7 1 1.6 0.25 1 15 0 0 0 0 1 0 2
2 0 9 0.1 1.6 7.45 1.5 15.1 65.5 15.05 28.5 1 0 0 0 0 0 0 0 0.2 3.2 14.9 3 1.6 0.25 0 27 0 1 1 1 1 1 2
2 0 9 0.1 1.6 7.45 1.5 11.9 65.5 15.05 28.5 1 0 0 0 0 0 0 0 0.2 3.2 14.9 3 1.6 0.25 0 27 0 1 1 1 1 1 2
2 0 9 1.7 0.1 7.45 1.7 13.5 67.2 15.05 28.5 1 0 0 0 0 0 0 0 3.4 0.2 14.9 3.4 1.6 0.25 0 56 0 1 1 1 1 1 2
2 0 9 1.5 0.1 7.45 1.5 13.5 64 15.05 28.5 1 0 0 0 0 0 0 0 3 0.2 14.9 3 1.6 0.25 1 39 0 1 1 1 1 1 2
2 0 9 1.7 1.6 7.45 0.1 13.5 65.5 15.05 30.1 1 0 0 0 0 0 0 0 3.4 3.2 14.9 0.2 1.6 0.25 0 27 0 1 1 1 1 1 2
2 0 9 1.7 1.6 7.45 0.1 13.5 65.5 15.05 26.9 1 0 0 0 0 0 0 0 3.4 3.2 14.9 0.2 1.6 0.25 0 27 0 1 1 1 1 1 2
2 0 9 0.005 0.05 7.45 1.5 14.995 64.15 15.05 28.5 1 0 0 0 0 0 0 0 0.01 0.1 14.9 3 1.6 0.25 0 44 0 0 0 0 1 0 2
2 0 9 0.005 0.05 7.45 1.5 12.005 64.15 15.05 28.5 1 0 0 0 0 0 0 0 0.01 0.1 14.9 3 1.6 0.25 0 44 0 0 0 0 1 0 2
2 0 9 1.5 0.05 7.45 0.005 13.5 64.15 15.05 29.995 1 0 0 0 0 0 0 0 3 0.1 14.9 0.01 1.6 0.25 0 44 0 0 0 0 1 0 2
2 0 9 1.5 0.05 7.45 0.005 13.5 64.15 15.05 27.005 1 0 0 0 0 0 0 0 3 0.1 14.9 0.01 1.6 0.25 0 44 0 0 0 0 1 0 2
2 0 9 1.5 0.1 1.5 1.5 13.5 63.9 24 28.5 1 0 0 0 0 0 0 0 3 0.2 3 3 1.265 0.25 0 27 0 1 1 1 1 1 2
2 2 9 1.5 0.1 1.5 1.5 13.5 67.2 24 28.5 1 0 0 0 0 0 0 0 3 0.2 3 3 1.265 0.25 1 51 0.75 1 1 1 1 1 2
2 0 9 1.5 1.6 0.1 1.5 13.5 65.5 25.6 28.5 1 0 0 0 0 0 0 0 3 3.2 0.2 3 1.265 0.25 0 27 0 1 1 1 1 1 2
2 0 9 0.1 1.6 1.5 1.5 15.1 65.5 24 28.5 1 0 0 0 0 0 0 0 0.2 3.2 3 3 1.265 0.25 0 27 0 1 1 1 1 1 2
2 0 9 0.1 1.6 1.5 1.5 11.9 65.5 24 28.5 1 0 0 0 0 0 0 0 0.2 3.2 3 3 1.265 0.25 0 27 0 1 1 1 1 1 2
2 0 9 1.5 1.6 0.1 3.75 13.5 65.5 25.6 23.25 1 0 0 0 0 0 0 0 3 3.2 0.2 7.5 1.6 0.25 0 27 0 1 1 1 1 1 2
2 0 9 1.5 1.6 0.1 3.75 13.5 65.5 22.4 23.25 1 0 0 0 0 0 0 0 3 3.2 0.2 7.5 1.6 0.25 0 27 0 1 1 1 1 1 2
2 0 9 1.7 0.1 1.7 3.75 13.5 67.2 24 23.25 1 0 0 0 0 0 0 0 3.4 0.2 3.4 7.5 1.6 0.25 1 51 0 1 1 1 1 1 2
2 0 9 1.5 0.1 1.5 3.75 13.5 64 24 23.25 1 0 0 0 0 0 0 0 3 0.2 3 7.5 1.6 0.25 0 44 0 1 1 1 1 1 2
2 0 9 0.1 1.6 1.7 3.75 15.1 65.5 24 23.25 1 0 0 0 0 0 0 0 0.2 3.2 3.4 7.5 1.6 0.25 0 27 0 1 1 1 1 1 2
2 0 9 0.1 1.6 1.7 3.75 11.9 65.5 24 23.25 1 0 0 0 0 0 0 0 0.2 3.2 3.4 7.5 1.6 0.25 0 27 0 1 1 1 1 1 2
2 0 9 1.5 0.05 0.005 3.75 13.5 64.15 25.495 23.25 1 0 0 0 0 0 0 0 3 0.1 0.01 7.5 1.6 0.25 0 44 0 0 0 0 1 0 2
2 0 9 1.5 0.05 0.005 3.75 13.5 64.15 22.505 23.25 1 0 0 0 0 0 0 0 3 0.1 0.01 7.5 1.6 0.25 0 44 0 0 0 0 1 0 2
2 0 9 0.005 0.05 1.5 3.75 14.995 64.15 24 23.25 1 0 0 0 0 0 0 0 0.01 0.1 3 7.5 1.6 0.25 0 44 0 0 0 0 1 0 2
2 0 9 0.005 0.05 1.5 3.75 12.005 64.15 24 23.25 1 0 0 0 0 0 0 0 0.01 0.1 3 7.5 1.6 0.25 0 44 0 0 0 0 1 0 2
2 0 6 0.2 0.2 0.2 0.2 1 66 1 2 1 0 0 0 0 0 0 0 0.2 0.2 0.2 0.2 1.265 0.25 1 12 0 0.8 2.16 3.08 4 0 4
2 0 9 1.5 1.6 0.1 8.75 13.5 65.5 25.6 38.75 1 0 0 0 0 0 0 0 3 3.2 0.2 17.5 1.6 0.25 0 27 0 1 1 1 1 1 2
2 0 9 1.5 1.6 0.1 8.75 13.5 65.5 22.4 38.75 1 0 0 0 0 0 0 0 3 3.2 0.2 17.5 1.6 0.25 0 27 0 1 1 1 1 1 2
2 0 9 1.7 0.1 1.7 8.75 13.5 67.2 24 38.75 1 0 0 0 0 0 0 0 3.4 0.2 3.4 17.5 1.6 0.25 1 51 0 1 1 1 1 1 2
2 0 9 1.5 0.1 1.5 8.75 13.5 64 24 38.75 1 0 0 0 0 0 0 0 3 0.2 3 17.5 1.6 0.25 0 44 0 1 1 1 1 1 2
2 0 9 0.1 1.6 1.7 8.75 15.1 65.5 24 38.75 1 0 0 0 0 0 0 0 0.2 3.2 3.4 17.5 1.6 0.25 0 27 0 1 1 1 1 1 2
2 0 9 0.1 1.6 1.7 8.75 11.9 65.5 24 38.75 1 0 0 0 0 0 0 0 0.2 3.2 3.4 17.5 1.6 0.25 0 27 0 1 1 1 1 1 2
2 0 9 1.5 0.05 0.005 8.75 13.5 64.15 25.495 38.75 1 0 0 0 0 0 0 0 3 0.1 0.01 17.5 1.6 0.25 0 44 0 0 0 0 1 0 2
2 0 9 1.5 0.05 0.005 8.75 13.5 64.15 22.505 38.75 1 0 0 0 0 0 0 0 3 0.1 0.01 17.5 1.6 0.25 0 44 0 0 0 0 1 0 2
2 0 9 0.005 0.05 1.5 8.75 14.995 64.15 24 38.75 1 0 0 0 0 0 0 0 0.01 0.1 3 17.5 1.6 0.25 0 44 0 0 0 0 1 0 2
2 0 9 0.005 0.05 1.5 8.75 12.005 64.15 24 38.75 1 0 0 0 0 0 0 0 0.01 0.1 3 17.5 1.6 0.25 0 44 0 0 0 0 1 0 2
11 -0.25 63.85 0.25 17.05 -0.25 -1 0.25 -0.025 0 0 0 0 1 -1
11 -0.25 65.85 0.25 17.05 -0.25 1 0.25 -0.025 0 0 0 0 1 -1
11 0.25 63.85 0.25 17.05 0.25 -1 0.25 -0.025 0 0 0 0 1 -1
11 0.25 65.85 0.25 17.05 0.25 1 0.25 -0.025 0 0 0 0 1 -1
12 1 1 66 1 2 -1 50 0.2 0.54 0.77 0 0 1 0
12 1 4 66 0 19.5 -1 20 0.2 0.5 0.2 0 0 1 0
12 1 13.5 66 0 24.5 -1 5 0.8 0.1 0.1 0 0 1 0
12 1 13.5 70 0 24.5 -1 5 0.4 0.1 1 0 0 1 0
12 1 13.5 66 6 28.5 -1 20 0.4 0.6 0.8 0 0 1 0
12 1 13.5 66 15 28.5 -1 20 0.4 0.6 0.8 0 0 1 0
12 1 13.5 66 24 28.5 -1 20 0.4 0.6 0.8 0 0 1 0
12 1 13.5 66 23.5 23.5 -1 10 0.8 0.4 0.4 0 0 1 0
12 1 13.5 66 23.5 38.5 -1 16 0.8 0.7 0.4 0 0 1 0
13 228.107
