0 6 5 0.4 0.4 1.4 0.4 0 3.40799 0 0 0.707107 0 0 0 -0.707107 0 0 0 0.4 0.4 1.4 0.4 65 0 1.265 0.25 0 0 0 2.1697e-19 0 0 0 0 0 0 0 0 1 12 0 1 1 1 0.25 5 1 2 0 0 0 0
2 2 3 0.5 0.5 0.5 0.5 -28.8923 75.9 0 0 1 0 0 0 0 0 0 0 0.5 0.5 0.5 0.5 1.265 1 1 3 0.25 1 1 1 1 3 2
2 0 9 0.1 1.6 5 5 5.1 65.4 0 0 1 0 0 0 0 0 0 0 0.2 3.2 10 10 1.265 0.25 1 12 0 0 0 1 1 1 2
2 0 9 0.1 1.6 5 2.295 -5.1 65.4 0 2.705 1 0 0 0 0 0 0 0 0.2 3.2 10 4.59 1.6 0.25 1 12 0 0 1 1 1 1 2
2 0 9 0.1 1.6 5 2.295 -5.1 65.4 0 -2.705 1 0 0 0 0 0 0 0 0.2 3.2 10 4.59 1.6 0.25 1 12 0 0 1 1 1 1 2
2 0 9 0.1 0.645 0.41 0.41 -5.1 66.355 0 0 1 0 0 0 0 0 0 0 0.2 1.29 0.82 0.82 1.6 0.25 1 12 0 0 1 1 1 1 2
2 0 9 0.1 1.6 2.295 0.41 -5.1 65.4 2.705 0 1 0 0 0 0 0 0 0 0.2 3.2 4.59 0.82 1.6 0.25 1 12 0 0 1 1 1 1 2
2 0 9 0.1 1.6 2.295 0.41 -5.1 65.4 -2.705 0 1 0 0 0 0 0 0 0 0.2 3.2 4.59 0.82 1.6 0.25 1 12 0 0 1 1 1 1 2
2 0 9 0.1 0.1 0.41 0.41 -5.1 63.9 0 0 1 0 0 0 0 0 0 0 0.2 0.2 0.82 0.82 1.6 0.25 1 47 0 1 1 1 1 1 2
2 0 9 0.1125 0.85 0.05 0.5 -5.1 64.85 -0.45 0 1 0 0 0 0 0 0 0 0.225 1.7 0.1 1 1.6 0.25 1 12 0 0 1 1 1 0 2
2 0 9 0.1125 0.85 0.05 0.5 -5.1 64.85 0.45 0 1 0 0 0 0 0 0 0 0.225 1.7 0.1 1 1.6 0.25 1 12 0 0 1 1 1 0 2
2 0 9 0.1125 0.05 0.5 0.5 -5.1 65.75 0 0 1 0 0 0 0 0 0 0 0.225 0.1 1 1 1.6 0.25 1 12 0 0 1 1 1 0 2
2 0 9 0.1125 0.85 0.4 0.05 -5.1 64.85 0 -0.45 1 0 0 0 0 0 0 0 0.225 1.7 0.8 0.1 1.6 0.25 1 12 0 0 1 1 1 0 2
2 0 9 0.1125 0.85 0.4 0.05 -5.1 64.85 0 0.45 1 0 0 0 0 0 0 0 0.225 1.7 0.8 0.1 1.6 0.25 1 12 0 0 1 1 1 0 2
2 0 9 5.2 1.6 0.1 5 0 65.4 5.1 0 1 0 0 0 0 0 0 0 10.4 3.2 0.2 10 1.265 0.25 1 12 0 1 1 0 1 1 2
2 0 9 5.2 1.6 0.1 5 0 65.4 -5.1 0 1 0 0 0 0 0 0 0 10.4 3.2 0.2 10 1.265 0.25 1 12 0 1 0 0 1 1 2
2 0 9 5.2 1.6 5.2 0.1 0 65.4 0 5.1 1 0 0 0 0 0 0 0 10.4 3.2 10.4 0.2 1.265 0.25 1 12 0 0 1 0 1 1 2
2 0 9 5.2 1.6 5.2 0.1 0 65.4 0 -5.1 1 0 0 0 0 0 0 0 10.4 3.2 10.4 0.2 1.265 0.25 1 12 0 1 1 1 1 1 2
2 0 9 5.2 0.1 5.2 5.2 0 67.1 0 0 1 0 0 0 0 0 0 0 10.4 0.2 10.4 10.4 1.265 0.25 1 12 0 1 1 1 1 1 2
2 0 9 1 0.1 0.5 0.5 -16.5 63.9 0 0 1 0 0 0 0 0 0 0 2 0.2 1 1 1.265 0.25 0 12 0 0 0 1 1 1 2
2 0 9 6 0.1 0.5 0.5 -22.6962 66.9 0 0 0.965926 0.258819 0 0 0 0 0 0 12 0.2 1 1 1.265 0.25 0 43 0 0 1 0 1 1 2
2 0 9 1 0.1 0.5 0.5 -28.8923 69.9 0 0 1 0 0 0 0 0 0 0 2 0.2 1 1 1.265 0.25 0 12 0 0 0 1 1 1 2
2 0 9 0.5 0.1 3.75 0.5 -29.3923 69.9 -4.25 0 1 0 0 0 0 0 0 0 1 0.2 7.5 1 1.265 0.25 0 43 0 0 1 0 1 1 2
2 0 9 0.5 0.1 1 0.5 -29.3923 69.9 -9 0 1 0 0 0 0 0 0 0 1 0.2 2 1 1.265 0.25 0 12 0 0 0 1 1 1 2
2 0 9 0.5 0.1 0.5 3.75 -29.3923 69.9 -9.5 4.25 1 0 0 0 0 0 0 0 1 0.2 1 7.5 1.265 0.25 0 43 0 0 1 0 1 1 2
2 0 6 1 1 1 1 0 66 0 0 1 0 0 0 0 0 0 0 1 1 1 1 1.265 0.25 1 12 0 4 4 4 4 0 4
2 0 2 50 25 50 50 49.5 25 -9.5 0 1 0 0 0 0 0 0 0 100 50 100 100 1.265 0.25 1 27 0 1 1 1 1 4 2
12 1 0 66 0 0 -1 20 1 1 1 0 0 1 0
13 199.426
