0 6 5 0.4 0.4 1.4 0.4 -1.68741 0.695 -0.567074 -2.84696e-06 0.707107 0 0 0 -0.707107 0 0 0 0.4 0.4 1.4 0.4 65 0 2.5 0.25 1 0 0 1.75834e-06 0 0 0 0 0 0 0 0 1 12 0 1 1 1 0.25 5 2 0 0 0 0
0 0 9 0.06 0.4 0.25 0.25 -0.78257 0.397439 -2.54236 0.00194828 0.999997 0.000340629 0.000113076 -1.6362e-06 0.00172058 -0.00173872 -4.02364e-05 1.78814e-07 0.12 0.8 0.5 0.5 1 0.1 1.265 0.25 1 0 0 0 0 0 0 0 0 0 0 0 1 27 0 1 1 1 1 1 2 0 0 0 0
0 0 9 0.06 0.4 0.25 0.25 -1.21845 0.397426 -2.53457 0.00178421 0.999997 0.000270066 0.000103665 -1.35238e-06 0.00157518 -0.00159249 -3.68408e-05 1.19209e-07 0.12 0.8 0.5 0.5 1 0.1 1.265 0.25 1 0 0 0 0 0 0 0 0 0 0 0 1 27 0 1 1 1 1 1 2 0 0 0 0
0 0 9 0.06 0.4 0.25 0.25 -1.76882 0.397412 -2.52478 0.00162056 0.999998 0.000213292 9.42752e-05 -1.11559e-06 0.00143038 -0.00144666 -3.3458e-05 5.96046e-08 0.12 0.8 0.5 0.5 1 0.1 1.265 0.25 1 0 0 0 0 0 0 0 0 0 0 0 1 27 0 1 1 1 1 1 2 0 0 0 0
0 0 9 0.06 0.4 0.25 0.25 -2.25804 0.3974 -2.51608 0.00147545 0.999998 0.000172825 8.59451e-05 -9.39337e-07 0.00130216 -0.00131734 -3.04614e-05 5.96047e-08 0.12 0.8 0.5 0.5 1 0.1 1.265 0.25 1 0 0 0 0 0 0 0 0 0 0 0 1 27 0 1 1 1 1 1 2 0 0 0 0
0 0 9 0.06 0.4 0.25 0.25 -2.74207 0.397388 -2.50775 0.00133068 0.999999 0.000142228 7.763e-05 -7.95909e-07 0.00117441 -0.00118834 -2.74746e-05 5.96047e-08 0.12 0.8 0.5 0.5 1 0.1 1.265 0.25 1 0 0 0 0 0 0 0 0 0 0 0 1 27 0 1 1 1 1 1 2 0 0 0 0
0 0 9 0.06 0.4 0.25 0.25 -3.23123 0.397462 -2.50162 0.00287165 0.999994 0.000175395 0.00019431 2.65788e-06 0.00246795 -0.00251733 -6.62291e-05 4.76837e-07 0.12 0.8 0.5 0.5 1 0.1 1.265 0.25 1 0 0 0 0 0 0 0 0 0 0 0 1 27 0 1 1 1 1 1 2 0 0 0 0
0 0 9 0.06 0.4 0.25 0.25 -3.78155 0.397455 -2.49328 0.00284489 0.999994 0.000225968 0.000185355 1.79512e-06 0.00246474 -0.00250833 -6.44282e-05 4.76837e-07 0.12 0.8 0.5 0.5 1 0.1 1.265 0.25 1 0 0 0 0 0 0 0 0 0 0 0 1 27 0 1 1 1 1 1 2 0 0 0 0
0 0 9 0.06 0.4 0.25 0.25 -4.20968 0.397441 -2.48673 0.00272597 0.999994 0.00011934 0.000178056 2.14214e-06 0.00236127 -0.00240476 -6.18534e-05 4.17233e-07 0.12 0.8 0.5 0.5 1 0.1 1.265 0.25 1 0 0 0 0 0 0 0 0 0 0 0 1 27 0 1 1 1 1 1 2 0 0 0 0
0 0 9 0.06 0.4 0.25 0.25 -4.76002 0.397493 -2.47854 0.00278812 0.999994 0.000123264 0.000169845 -3.5923e-07 0.00244383 -0.00248135 -5.86094e-05 3.57628e-07 0.12 0.8 0.5 0.5 1 0.1 1.265 0.25 1 0 0 0 0 0 0 0 0 0 0 0 1 27 0 1 1 1 1 1 2 0 0 0 0
0 0 9 0.06 0.4 0.25 0.25 -5.24878 0.397496 -2.47115 0.00271793 0.999994 0.000676078 0.000161782 -2.60004e-06 0.00239761 -0.00242212 -5.67227e-05 2.98023e-07 0.12 0.8 0.5 0.5 1 0.1 1.265 0.25 1 0 0 0 0 0 0 0 0 0 0 0 1 27 0 1 1 1 1 1 2 0 0 0 0
0 0 9 0.06 0.4 0.25 0.25 -5.67664 0.397497 -2.46467 0.00266428 0.999994 0.000903965 0.000154264 -3.73811e-06 0.00235943 -0.00237681 -5.51261e-05 2.98023e-07 0.12 0.8 0.5 0.5 1 0.1 1.265 0.25 1 0 0 0 0 0 0 0 0 0 0 0 1 27 0 1 1 1 1 1 2 0 0 0 0
0 0 9 0.06 0.4 0.25 0.25 -6.28831 0.397482 -2.45533 0.00247992 0.999995 0.000705954 0.00014362 -3.01857e-06 0.00219403 -0.0022125 -5.12769e-05 2.38419e-07 0.12 0.8 0.5 0.5 1 0.1 1.265 0.25 1 0 0 0 0 0 0 0 0 0 0 0 1 27 0 1 1 1 1 1 2 0 0 0 0
0 0 9 0.06 0.4 0.25 0.25 -6.77762 0.39747 -2.44785 0.0023328 0.999996 0.00057858 0.000135152 -2.54765e-06 0.00206258 -0.0020814 -4.82144e-05 2.38419e-07 0.12 0.8 0.5 0.5 1 0.1 1.265 0.25 1 0 0 0 0 0 0 0 0 0 0 0 1 27 0 1 1 1 1 1 2 0 0 0 0
0 0 9 0.06 0.4 0.25 0.25 -7.2669 0.397458 -2.44036 0.00218604 0.999996 0.000473606 0.000126719 -2.15206e-06 0.0019318 -0.0019506 -4.51654e-05 1.78814e-07 0.12 0.8 0.5 0.5 1 0.1 1.265 0.25 1 0 0 0 0 0 0 0 0 0 0 0 1 27 0 1 1 1 1 1 2 0 0 0 0
0 0 9 0.06 0.4 0.25 0.25 -7.81733 0.397445 -2.43195 0.00202135 0.999997 0.000377194 0.000117267 -1.78044e-06 0.00178541 -0.00180383 -4.17498e-05 1.78814e-07 0.12 0.8 0.5 0.5 1 0.1 1.265 0.25 1 0 0 0 0 0 0 0 0 0 0 0 1 27 0 1 1 1 1 1 2 0 0 0 0
0 0 9 0.06 0.4 0.25 0.25 -8.30658 0.397433 -2.42446 0.00187531 0.999997 0.000307469 0.00010889 -1.50412e-06 0.00165588 -0.00167368 -3.87257e-05 1.78814e-07 0.12 0.8 0.5 0.5 1 0.1 1.265 0.25 1 0 0 0 0 0 0 0 0 0 0 0 1 27 0 1 1 1 1 1 2 0 0 0 0
0 0 9 0.06 0.4 0.25 0.25 -8.79583 0.397421 -2.41699 0.00172961 0.999998 0.000249734 0.000100532 -1.26873e-06 0.00152684 -0.00154384 -3.57118e-05 1.19209e-07 0.12 0.8 0.5 0.5 1 0.1 1.265 0.25 1 0 0 0 0 0 0 0 0 0 0 0 1 27 0 1 1 1 1 1 2 0 0 0 0
0 0 9 0.06 0.4 0.25 0.25 -9.28506 0.397409 -2.40951 0.00158425 0.999998 0.000202238 9.21913e-05 -1.06837e-06 0.00139828 -0.0014143 -3.2708e-05 1.19209e-07 0.12 0.8 0.5 0.5 1 0.1 1.265 0.25 1 0 0 0 0 0 0 0 0 0 0 0 1 27 0 1 1 1 1 1 2 0 0 0 0
0 0 9 0.06 0.4 0.25 0.25 -9.83544 0.397396 -2.40109 0.00142112 0.999998 0.000160119 8.28252e-05 -8.8171e-07 0.0012542 -0.00126893 -2.93403e-05 5.96046e-08 0.12 0.8 0.5 0.5 1 0.1 1.265 0.25 1 0 0 0 0 0 0 0 0 0 0 0 1 27 0 1 1 1 1 1 2 0 0 0 0
0 0 9 0.06 0.4 0.25 0.25 -10.3247 0.397384 -2.39361 0.00127647 0.999999 0.000134002 7.45168e-05 -7.52484e-07 0.00112662 -0.00114002 -2.63572e-05 5.96047e-08 0.12 0.8 0.5 0.5 1 0.1 1.265 0.25 1 0 0 0 0 0 0 0 0 0 0 0 1 27 0 1 1 1 1 1 2 0 0 0 0
0 0 9 0.06 0.4 0.25 0.25 -10.814 0.397472 -2.38784 0.0028922 0.999994 4.23833e-05 0.000191875 2.00618e-06 0.00249003 -0.00253935 -6.59619e-05 4.76837e-07 0.12 0.8 0.5 0.5 1 0.1 1.265 0.25 1 0 0 0 0 0 0 0 0 0 0 0 1 27 0 1 1 1 1 1 2 0 0 0 0
0 0 9 0.06 0.4 0.25 0.25 -11.303 0.397448 -2.38043 0.00281274 0.999994 0.000206625 0.000183262 1.92039e-06 0.00243833 -0.0024817 -6.36877e-05 4.76837e-07 0.12 0.8 0.5 0.5 1 0.1 1.265 0.25 1 0 0 0 0 0 0 0 0 0 0 0 1 27 0 1 1 1 1 1 2 0 0 0 0
0 0 9 0.06 0.4 0.25 0.25 -11.7923 0.397491 -2.37312 0.0028252 0.999994 4.17545e-05 0.00017458 4.1148e-07 0.00247047 -0.00251247 -5.98079e-05 4.17233e-07 0.12 0.8 0.5 0.5 1 0.1 1.265 0.25 1 0 0 0 0 0 0 0 0 0 0 0 1 27 0 1 1 1 1 1 2 0 0 0 0
0 0 9 0.06 0.4 0.25 0.25 -12.3424 0.397496 -2.36481 0.00277097 0.999994 0.000351994 0.000166908 -1.47193e-06 0.00243569 -0.00246775 -5.80177e-05 3.57628e-07 0.12 0.8 0.5 0.5 1 0.1 1.265 0.25 1 0 0 0 0 0 0 0 0 0 0 0 1 27 0 1 1 1 1 1 2 0 0 0 0
0 0 9 0.06 0.4 0.25 0.25 -12.8924 0.397496 -2.35649 0.00268354 0.999994 0.000869785 0.000157589 -3.40318e-06 0.00237349 -0.00239292 -5.5781e-05 2.98023e-07 0.12 0.8 0.5 0.5 1 0.1 1.265 0.25 1 0 0 0 0 0 0 0 0 0 0 0 1 27 0 1 1 1 1 1 2 0 0 0 0
0 0 9 0.06 0.4 0.25 0.25 -13.3816 0.39749 -2.34904 0.00257203 0.999994 0.000799302 0.000148934 -3.35905e-06 0.00227657 -0.0022946 -5.31988e-05 2.98023e-07 0.12 0.8 0.5 0.5 1 0.1 1.265 0.25 1 0 0 0 0 0 0 0 0 0 0 0 1 27 0 1 1 1 1 1 2 0 0 0 0
0 0 9 0.06 0.4 0.25 0.25 -13.9321 0.397476 -2.34063 0.00240632 0.999995 0.000639404 0.000139382 -2.77409e-06 0.00212822 -0.00214691 -4.97441e-05 2.38419e-07 0.12 0.8 0.5 0.5 1 0.1 1.265 0.25 1 0 0 0 0 0 0 0 0 0 0 0 1 27 0 1 1 1 1 1 2 0 0 0 0
0 0 9 0.06 0.4 0.25 0.25 -14.4214 0.397464 -2.33314 0.00225938 0.999996 0.000523636 0.000130932 -2.34147e-06 0.00199711 -0.00201596 -4.66883e-05 2.38419e-07 0.12 0.8 0.5 0.5 1 0.1 1.265 0.25 1 0 0 0 0 0 0 0 0 0 0 0 1 27 0 1 1 1 1 1 2 0 0 0 0
0 0 9 0.06 0.4 0.25 0.25 -14.9718 0.397451 -2.32473 0.00209449 0.999996 0.000417572 0.000121465 -1.93738e-06 0.00185039 -0.00186901 -4.32661e-05 1.78814e-07 0.12 0.8 0.5 0.5 1 0.1 1.265 0.25 1 0 0 0 0 0 0 0 0 0 0 0 1 27 0 1 1 1 1 1 2 0 0 0 0
0 0 9 0.06 0.4 0.25 0.25 -15.4611 0.397439 -2.31725 0.00194828 0.999997 0.000340744 0.000113076 -1.63632e-06 0.00172058 -0.00173872 -4.02364e-05 1.78814e-07 0.12 0.8 0.5 0.5 1 0.1 1.265 0.25 1 0 0 0 0 0 0 0 0 0 0 0 1 27 0 1 1 1 1 1 2 0 0 0 0
0 0 9 0.06 0.4 0.25 0.25 -16.0115 0.397426 -2.30883 0.00178421 0.999997 0.000269914 0.000103664 -1.35226e-06 0.00157517 -0.0015925 -3.68408e-05 1.19209e-07 0.12 0.8 0.5 0.5 1 0.1 1.265 0.25 1 0 0 0 0 0 0 0 0 0 0 0 1 27 0 1 1 1 1 1 2 0 0 0 0
0 0 9 0.06 0.4 0.25 0.25 -16.5618 0.397412 -2.30042 0.00162056 0.999998 0.000213147 9.42748e-05 -1.11524e-06 0.00143038 -0.00144666 -3.34579e-05 5.96047e-08 0.12 0.8 0.5 0.5 1 0.1 1.265 0.25 1 0 0 0 0 0 0 0 0 0 0 0 1 27 0 1 1 1 1 1 2 0 0 0 0
0 0 9 0.06 0.4 0.25 0.25 -17.0511 0.3974 -2.29294 0.00147545 0.999998 0.000172883 8.59452e-05 -9.39569e-07 0.00130217 -0.00131734 -3.04614e-05 5.96046e-08 0.12 0.8 0.5 0.5 1 0.1 1.265 0.25 1 0 0 0 0 0 0 0 0 0 0 0 1 27 0 1 1 1 1 1 2 0 0 0 0
0 0 9 0.06 0.4 0.25 0.25 -17.6626 0.397385 -2.28359 0.00129454 0.999999 0.000136569 7.55544e-05 -7.66372e-07 0.00114255 -0.00115613 -2.67297e-05 1.19209e-07 0.12 0.8 0.5 0.5 1 0.1 1.265 0.25 1 0 0 0 0 0 0 0 0 0 0 0 1 27 0 1 1 1 1 1 2 0 0 0 0
0 0 9 0.06 0.4 0.25 0.25 -18.2131 0.397472 -2.27687 0.00289222 0.999994 4.12695e-05 0.000191869 2.01503e-06 0.00249003 -0.00253937 -6.59615e-05 4.76837e-07 0.12 0.8 0.5 0.5 1 0.1 1.265 0.25 1 0 0 0 0 0 0 0 0 0 0 0 1 27 0 1 1 1 1 1 2 0 0 0 0
0 0 9 0.06 0.4 0.25 0.25 -18.7021 0.397448 -2.26946 0.00281275 0.999994 0.00020556 0.00018326 1.92645e-06 0.00243833 -0.00248172 -6.36873e-05 4.76837e-07 0.12 0.8 0.5 0.5 1 0.1 1.265 0.25 1 0 0 0 0 0 0 0 0 0 0 0 1 27 0 1 1 1 1 1 2 0 0 0 0
0 0 9 0.06 0.4 0.25 0.25 -19.2526 0.39749 -2.26122 0.00281231 0.999994 5.98746e-06 0.000173565 4.68177e-07 0.00245877 -0.00250098 -5.95247e-05 4.17233e-07 0.12 0.8 0.5 0.5 1 0.1 1.265 0.25 1 0 0 0 0 0 0 0 0 0 0 0 1 27 0 1 1 1 1 1 2 0 0 0 0
0 0 9 0.06 0.4 0.25 0.25 -19.8026 0.397494 -2.25291 0.00275264 0.999994 0.00040681 0.000165844 -1.52485e-06 0.00242053 -0.00245143 -5.76584e-05 4.17232e-07 0.12 0.8 0.5 0.5 1 0.1 1.265 0.25 1 0 0 0 0 0 0 0 0 0 0 0 1 27 0 1 1 1 1 1 2 0 0 0 0
0 0 9 0.06 0.4 0.25 0.25 -20.2915 0.397496 -2.24553 0.00268353 0.999994 0.0008693 0.000157589 -3.40039e-06 0.00237348 -0.00239292 -5.57808e-05 2.98023e-07 0.12 0.8 0.5 0.5 1 0.1 1.265 0.25 1 0 0 0 0 0 0 0 0 0 0 0 1 27 0 1 1 1 1 1 2 0 0 0 0
0 0 9 0.06 0.4 0.25 0.25 -20.7807 0.39749 -2.23808 0.00257203 0.999994 0.000798764 0.000148933 -3.35695e-06 0.00227656 -0.0022946 -5.31984e-05 2.98023e-07 0.12 0.8 0.5 0.5 1 0.1 1.265 0.25 1 0 0 0 0 0 0 0 0 0 0 0 1 27 0 1 1 1 1 1 2 0 0 0 0
0 0 9 0.06 0.4 0.25 0.25 -21.3312 0.397476 -2.22966 0.00240632 0.999995 0.000638946 0.000139381 -2.77223e-06 0.00212821 -0.00214691 -4.97441e-05 2.38419e-07 0.12 0.8 0.5 0.5 1 0.1 1.265 0.25 1 0 0 0 0 0 0 0 0 0 0 0 1 27 0 1 1 1 1 1 2 0 0 0 0
0 0 9 0.06 0.4 0.25 0.25 -21.8205 0.397464 -2.22218 0.00225938 0.999996 0.000523586 0.000130932 -2.34124e-06 0.00199711 -0.00201596 -4.66884e-05 2.38419e-07 0.12 0.8 0.5 0.5 1 0.1 1.265 0.25 1 0 0 0 0 0 0 0 0 0 0 0 1 27 0 1 1 1 1 1 2 0 0 0 0
0 0 9 0.06 0.4 0.25 0.25 -22.3709 0.397451 -2.21376 0.00209449 0.999996 0.000417513 0.000121464 -1.93715e-06 0.00185039 -0.00186901 -4.32659e-05 1.78814e-07 0.12 0.8 0.5 0.5 1 0.1 1.265 0.25 1 0 0 0 0 0 0 0 0 0 0 0 1 27 0 1 1 1 1 1 2 0 0 0 0
0 0 9 0.06 0.4 0.25 0.25 -22.9213 0.397437 -2.20535 0.00193003 0.999997 0.000332106 0.000112029 -1.60256e-06 0.00170439 -0.00172245 -3.98584e-05 1.19209e-07 0.12 0.8 0.5 0.5 1 0.1 1.265 0.25 1 0 0 0 0 0 0 0 0 0 0 0 1 27 0 1 1 1 1 1 2 0 0 0 0
0 0 9 0.06 0.4 0.25 0.25 -23.3494 0.397427 -2.1988 0.00180241 0.999997 0.000276904 0.000104709 -1.38032e-06 0.0015913 -0.00160872 -3.72174e-05 1.19209e-07 0.12 0.8 0.5 0.5 1 0.1 1.265 0.25 1 0 0 0 0 0 0 0 0 0 0 0 1 27 0 1 1 1 1 1 2 0 0 0 0
0 0 9 0.06 0.4 0.25 0.25 -23.7462 0.397432 -2.452 0.00283509 0.999994 7.87863e-05 0.000208256 5.59297e-06 0.00238459 -0.00244475 -7.08719e-05 4.76837e-07 0.12 0.8 0.5 0.5 1 0.1 1.265 0.25 1 0 0 0 0 0 0 0 0 0 0 0 1 27 0 0.970588 1 0 1 1 2 0 0 0 0
0 0 9 0.06 0.4 0.25 0.25 -24.2393 0.39747 -2.50111 0.00290071 0.999994 0.000102435 0.000196408 2.63669e-06 0.00248888 -0.0025401 -6.69158e-05 4.76837e-07 0.12 0.8 0.5 0.5 1 0.1 1.265 0.25 1 0 0 0 0 0 0 0 0 0 0 0 1 27 0 0.970588 1 0 1 1 2 0 0 0 0
0 0 9 0.06 0.4 0.25 0.25 -24.726 0.397446 -2.54944 0.00282312 0.999994 0.000274832 0.000187723 2.60895e-06 0.00243952 -0.00248463 -6.46624e-05 4.17233e-07 0.12 0.8 0.5 0.5 1 0.1 1.265 0.25 1 0 0 0 0 0 0 0 0 0 0 0 1 27 0 0.970588 1 0 1 1 2 0 0 0 0
0 0 9 0.06 0.4 0.25 0.25 -25.0913 0.397438 -2.58566 0.00274305 0.999994 0.000105044 0.000181466 2.91886e-06 0.00236904 -0.00241443 -6.28737e-05 4.17232e-07 0.12 0.8 0.5 0.5 1 0.1 1.265 0.25 1 0 0 0 0 0 0 0 0 0 0 0 1 27 0 0.970588 1 0 1 1 2 0 0 0 0
0 0 9 0.06 0.4 0.25 0.25 -25.3958 0.397487 -2.616 0.00282412 0.999994 -0.000118238 0.00017606 1.86358e-06 0.00246316 -0.0025094 -6.00276e-05 4.76837e-07 0.12 0.8 0.5 0.5 1 0.1 1.265 0.25 1 0 0 0 0 0 0 0 0 0 0 0 1 27 0 0.970588 1 0 1 1 2 0 0 0 0
0 0 9 0.06 0.4 0.25 0.25 -25.6393 0.397493 -2.6402 0.00282534 0.999994 -0.000163318 0.00017398 7.04615e-07 0.00246844 -0.00251274 -5.95995e-05 4.17233e-07 0.12 0.8 0.5 0.5 1 0.1 1.265 0.25 1 0 0 0 0 0 0 0 0 0 0 0 1 27 0 0.970588 1 0 1 1 2 0 0 0 0
0 0 9 0.06 0.4 0.25 0.25 -26.004 0.397491 -2.67644 0.0027551 0.999994 0.000310676 0.000167943 -8.07614e-07 0.00241802 -0.00245195 -5.79858e-05 4.17232e-07 0.12 0.8 0.5 0.5 1 0.1 1.265 0.25 1 0 0 0 0 0 0 0 0 0 0 0 1 27 0 0.970588 1 0 1 1 2 0 0 0 0
0 0 9 0.06 0.4 0.25 0.25 -26.308 0.397491 -2.70665 0.0027079 0.999994 0.000682366 0.000162888 -2.12059e-06 0.00238624 -0.00241163 -5.68117e-05 3.57628e-07 0.12 0.8 0.5 0.5 1 0.1 1.265 0.25 1 0 0 0 0 0 0 0 0 0 0 0 1 27 0 0.970588 1 0 1 1 2 0 0 0 0
0 0 9 0.06 0.4 0.25 0.25 -26.6121 0.397496 -2.73689 0.00268657 0.999994 0.00097023 0.000157794 -3.75709e-06 0.00237783 -0.00239564 -5.5873e-05 2.98023e-07 0.12 0.8 0.5 0.5 1 0.1 1.265 0.25 1 0 0 0 0 0 0 0 0 0 0 0 1 27 0 0.970588 1 0 1 1 2 0 0 0 0
0 0 9 0.06 0.4 0.25 0.25 -26.9164 0.397494 -2.76709 0.00263123 0.999994 0.000987663 0.000152308 -3.9525e-06 0.00233179 -0.00234735 -5.44728e-05 3.57628e-07 0.12 0.8 0.5 0.5 1 0.1 1.265 0.25 1 0 0 0 0 0 0 0 0 0 0 0 1 27 0 0.970588 1 0 1 1 2 0 0 0 0
0 0 9 0.06 0.4 0.25 0.25 -27.2816 0.397486 -2.80328 0.0025206 0.999995 0.000851772 0.000145903 -3.4712e-06 0.00223225 -0.00224876 -5.21579e-05 2.38419e-07 0.12 0.8 0.5 0.5 1 0.1 1.265 0.25 1 0 0 0 0 0 0 0 0 0 0 0 1 27 0 0.970588 1 0 1 1 2 0 0 0 0
0 0 9 0.06 0.4 0.25 0.25 -27.586 0.397478 -2.83344 0.00242856 0.999995 0.000752709 0.000140586 -3.11717e-06 0.00214967 -0.00216673 -5.02361e-05 2.38419e-07 0.12 0.8 0.5 0.5 1 0.1 1.265 0.25 1 0 0 0 0 0 0 0 0 0 0 0 1 27 0 0.970588 1 0 1 1 2 0 0 0 0
0 0 9 0.06 0.4 0.25 0.25 -27.8295 0.397473 -2.85756 0.00235503 0.999995 0.000681655 0.000136344 -2.86116e-06 0.00208384 -0.00210119 -4.8703e-05 2.38419e-07 0.12 0.8 0.5 0.5 1 0.1 1.265 0.25 1 0 0 0 0 0 0 0 0 0 0 0 1 27 0 0.970588 1 0 1 1 2 0 0 0 0
0 0 9 0.06 0.4 0.25 0.25 -28.1338 0.397465 -2.88772 0.00226323 0.999996 0.000601979 0.000131056 -2.57133e-06 0.0020018 -0.00201938 -4.67917e-05 1.78814e-07 0.12 0.8 0.5 0.5 1 0.1 1.265 0.25 1 0 0 0 0 0 0 0 0 0 0 0 1 27 0 0.970588 1 0 1 1 2 0 0 0 0
0 0 9 0.06 0.4 0.25 0.25 -28.4386 0.4 -2.91575 -2.84461e-06 1 0 0 0 0 0 0 0 0.12 0.8 0.5 0.5 1 0.1 1.265 0.25 1 0 0 0 0 0 0 0 0 0 0 0 1 27 0 0.970588 1 0 1 1 2 0 0 0 0
0 0 9 0.06 0.4 0.25 0.25 -28.7429 0.397434 -2.94877 0.00290499 0.999994 -5.12992e-05 0.000240926 9.2959e-06 0.00235696 -0.00243809 -7.9793e-05 5.96046e-07 0.12 0.8 0.5 0.5 1 0.1 1.265 0.25 1 0 0 0 0 0 0 0 0 0 0 0 1 27 0 0.970588 1 0 1 1 2 0 0 0 0
0 0 9 0.06 0.4 0.25 0.25 -28.9863 0.39748 -2.97308 0.00299675 0.999994 1.90058e-06 0.000237476 6.39607e-06 0.00246524 -0.00254194 -7.75829e-05 5.96046e-07 0.12 0.8 0.5 0.5 1 0.1 1.265 0.25 1 0 0 0 0 0 0 0 0 0 0 0 1 27 0 0.970588 1 0 1 1 2 0 0 0 0
0 0 9 0.06 0.4 0.25 0.25 -29.2298 0.397477 -2.99726 0.00297221 0.999994 -4.80827e-05 0.000233093 6.35114e-06 0.0024481 -0.00252364 -7.67082e-05 5.96047e-07 0.12 0.8 0.5 0.5 1 0.1 1.265 0.25 1 0 0 0 0 0 0 0 0 0 0 0 1 27 0 0.970588 1 0 1 1 2 0 0 0 0
0 0 9 0.06 0.4 0.25 0.25 -23.753 0.39748 -1.91716 0.00244696 0.999995 0.00077157 0.000141647 -3.18504e-06 0.00216616 -0.00218313 -5.062e-05 2.38418e-07 0.12 0.8 0.5 0.5 1 0.1 1.265 0.25 1 0 0 0 0 0 0 0 0 0 0 0 1 27 0 0 1 0.0882351 1 1 2 0 0 0 0
0 0 9 0.06 0.4 0.25 0.25 -24.343 0.397459 -1.90404 0.00218988 0.999996 0.000544802 0.000126835 -2.36137e-06 0.00193637 -0.00195402 -4.52665e-05 2.38419e-07 0.12 0.8 0.5 0.5 1 0.1 1.265 0.25 1 0 0 0 0 0 0 0 0 0 0 0 1 27 0 0 1 0.0882351 1 1 2 0 0 0 0
0 0 9 0.06 0.4 0.25 0.25 -24.8937 0.397483 -1.89278 0.00301228 0.999994 -1.32812e-05 0.000238515 6.37174e-06 0.00247758 -0.00255485 -7.79321e-05 5.96046e-07 0.12 0.8 0.5 0.5 1 0.1 1.265 0.25 1 0 0 0 0 0 0 0 0 0 0 0 1 27 0 0 1 0.0882351 1 1 2 0 0 0 0
0 0 9 0.06 0.4 0.25 0.25 -25.6273 0.397476 -1.87673 0.00296752 0.999994 7.44836e-05 0.000227306 5.30557e-06 0.00246128 -0.00253039 -7.56147e-05 5.36442e-07 0.12 0.8 0.5 0.5 1 0.1 1.265 0.25 1 0 0 0 0 0 0 0 0 0 0 0 1 27 0 0 1 0.0882351 1 1 2 0 0 0 0
0 0 9 0.06 0.4 0.25 0.25 -26.0554 0.397471 -1.86741 0.00297335 0.999994 -4.43019e-05 0.000220886 5.37347e-06 0.00248161 -0.00254835 -7.45962e-05 5.96047e-07 0.12 0.8 0.5 0.5 1 0.1 1.265 0.25 1 0 0 0 0 0 0 0 0 0 0 0 1 27 0 0 1 0.0882351 1 1 2 0 0 0 0
0 0 9 0.06 0.4 0.25 0.25 -26.4832 0.397445 -1.85802 0.00292028 0.999994 0.000137895 0.000213443 5.34511e-06 0.00245714 -0.0025176 -7.27562e-05 4.76837e-07 0.12 0.8 0.5 0.5 1 0.1 1.265 0.25 1 0 0 0 0 0 0 0 0 0 0 0 1 27 0 0 1 0.0882351 1 1 2 0 0 0 0
0 0 9 0.06 0.4 0.25 0.25 -26.8502 0.397431 -1.84992 0.00281733 0.999994 6.084e-05 0.000207223 5.62806e-06 0.00236872 -0.00242892 -7.04991e-05 5.36442e-07 0.12 0.8 0.5 0.5 1 0.1 1.265 0.25 1 0 0 0 0 0 0 0 0 0 0 0 1 27 0 0 1 0.0882351 1 1 2 0 0 0 0
0 0 9 0.06 0.4 0.25 0.25 -27.2171 0.397473 -1.84199 0.00288257 0.999994 -0.000105471 0.000200863 4.04696e-06 0.00245203 -0.00251104 -6.7532e-05 4.76837e-07 0.12 0.8 0.5 0.5 1 0.1 1.265 0.25 1 0 0 0 0 0 0 0 0 0 0 0 1 27 0 0 1 0.0882351 1 1 2 0 0 0 0
0 0 9 0.06 0.4 0.25 0.25 -27.4617 0.397471 -1.83666 0.00289055 0.999994 -6.24609e-05 0.000198408 3.41916e-06 0.00247051 -0.00252599 -6.70617e-05 5.36442e-07 0.12 0.8 0.5 0.5 1 0.1 1.265 0.25 1 0 0 0 0 0 0 0 0 0 0 0 1 27 0 0 1 0.0882351 1 1 2 0 0 0 0
0 0 9 0.06 0.4 0.25 0.25 -27.706 0.397462 -1.83131 0.00287168 0.999994 0.000175018 0.000194308 2.66067e-06 0.00246796 -0.00251734 -6.62291e-05 4.76837e-07 0.12 0.8 0.5 0.5 1 0.1 1.265 0.25 1 0 0 0 0 0 0 0 0 0 0 0 1 27 0 0 1 0.0882351 1 1 2 0 0 0 0
0 0 9 0.06 0.4 0.25 0.25 -28.0728 0.397446 -1.82326 0.00282312 0.999994 0.000274828 0.000187723 2.60848e-06 0.00243952 -0.00248464 -6.46624e-05 4.17232e-07 0.12 0.8 0.5 0.5 1 0.1 1.265 0.25 1 0 0 0 0 0 0 0 0 0 0 0 1 27 0 0 1 0.0882351 1 1 2 0 0 0 0
0 0 9 0.06 0.4 0.25 0.25 -28.3175 0.397438 -1.81786 0.00275254 0.999994 0.000174423 0.000183567 2.85541e-06 0.00237702 -0.00242284 -6.3137e-05 4.17233e-07 0.12 0.8 0.5 0.5 1 0.1 1.265 0.25 1 0 0 0 0 0 0 0 0 0 0 0 1 27 0 0 1 0.0882351 1 1 2 0 0 0 0
0 0 9 0.06 0.4 0.25 0.25 -28.7457 0.397487 -1.8086 0.00282412 0.999994 -0.000118255 0.00017606 1.86334e-06 0.00246316 -0.0025094 -6.00276e-05 4.76837e-07 0.12 0.8 0.5 0.5 1 0.1 1.265 0.25 1 0 0 0 0 0 0 0 0 0 0 0 1 27 0 0 1 0.0882351 1 1 2 0 0 0 0
0 0 9 0.06 0.4 0.25 0.25 -29.1125 0.39749 -1.80057 0.00279503 0.999994 9.75359e-06 0.000171892 4.26735e-07 0.00244504 -0.00248575 -5.90225e-05 4.17233e-07 0.12 0.8 0.5 0.5 1 0.1 1.265 0.25 1 0 0 0 0 0 0 0 0 0 0 0 1 27 0 0 1 0.0882351 1 1 2 0 0 0 0
0 0 9 0.06 0.4 0.25 0.25 -25.2687 0.397474 -1.90209 0.00290508 0.999994 -0.000129301 0.000199449 3.45195e-06 0.00248068 -0.00253763 -6.73859e-05 4.76837e-07 0.12 0.8 0.5 0.5 1 0.1 1.265 0.25 1 0 0 0 0 0 0 0 0 0 0 0 1 27 0 0 1 0.0882351 1 1 2 0 0 0 0
2 2 3 0.5 0.5 0.5 0.5 -28.8923 75.9 0 0 1 0 0 0 0 0 0 0 0.5 0.5 0.5 0.5 1.265 1 1 3 0.25 1 1 1 1 3 2
2 0 9 0.1 1.6 5 5 5.1 65.4 0 0 1 0 0 0 0 0 0 0 0.2 3.2 10 10 1.265 0.25 1 12 0 0 0 1 1 1 2
2 0 9 0.1 1.6 5 2.295 -5.1 65.4 0 2.705 1 0 0 0 0 0 0 0 0.2 3.2 10 4.59 1.6 0.25 1 12 0 0 1 1 1 1 2
2 0 9 0.1 1.6 5 2.295 -5.1 65.4 0 -2.705 1 0 0 0 0 0 0 0 0.2 3.2 10 4.59 1.6 0.25 1 12 0 0 1 1 1 1 2
2 0 9 0.1 0.645 0.41 0.41 -5.1 66.355 0 0 1 0 0 0 0 0 0 0 0.2 1.29 0.82 0.82 1.6 0.25 1 12 0 0 1 1 1 1 2
2 0 9 0.1 1.6 2.295 0.41 -5.1 65.4 2.705 0 1 0 0 0 0 0 0 0 0.2 3.2 4.59 0.82 1.6 0.25 1 12 0 0 1 1 1 1 2
2 0 9 0.1 1.6 2.295 0.41 -5.1 65.4 -2.705 0 1 0 0 0 0 0 0 0 0.2 3.2 4.59 0.82 1.6 0.25 1 12 0 0 1 1 1 1 2
2 0 9 0.1 0.1 0.41 0.41 -5.1 63.9 0 0 1 0 0 0 0 0 0 0 0.2 0.2 0.82 0.82 1.6 0.25 1 47 0 1 1 1 1 1 2
2 0 9 0.1125 0.85 0.05 0.5 -5.1 64.85 -0.45 0 1 0 0 0 0 0 0 0 0.225 1.7 0.1 1 1.6 0.25 1 12 0 0 1 1 1 0 2
2 0 9 0.1125 0.85 0.05 0.5 -5.1 64.85 0.45 0 1 0 0 0 0 0 0 0 0.225 1.7 0.1 1 1.6 0.25 1 12 0 0 1 1 1 0 2
2 0 9 0.1125 0.05 0.5 0.5 -5.1 65.75 0 0 1 0 0 0 0 0 0 0 0.225 0.1 1 1 1.6 0.25 1 12 0 0 1 1 1 0 2
2 0 9 0.1125 0.85 0.4 0.05 -5.1 64.85 0 -0.45 1 0 0 0 0 0 0 0 0.225 1.7 0.8 0.1 1.6 0.25 1 12 0 0 1 1 1 0 2
2 0 9 0.1125 0.85 0.4 0.05 -5.1 64.85 0 0.45 1 0 0 0 0 0 0 0 0.225 1.7 0.8 0.1 1.6 0.25 1 12 0 0 1 1 1 0 2
2 0 9 5.2 1.6 0.1 5 0 65.4 5.1 0 1 0 0 0 0 0 0 0 10.4 3.2 0.2 10 1.265 0.25 1 12 0 1 1 0 1 1 2
2 0 9 5.2 1.6 0.1 5 0 65.4 -5.1 0 1 0 0 0 0 0 0 0 10.4 3.2 0.2 10 1.265 0.25 1 12 0 1 0 0 1 1 2
2 0 9 5.2 1.6 5.2 0.1 0 65.4 0 5.1 1 0 0 0 0 0 0 0 10.4 3.2 10.4 0.2 1.265 0.25 1 12 0 0 1 0 1 1 2
2 0 9 5.2 1.6 5.2 0.1 0 65.4 0 -5.1 1 0 0 0 0 0 0 0 10.4 3.2 10.4 0.2 1.265 0.25 1 12 0 1 1 1 1 1 2
2 0 9 5.2 0.1 5.2 5.2 0 67.1 0 0 1 0 0 0 0 0 0 0 10.4 0.2 10.4 10.4 1.265 0.25 1 12 0 1 1 1 1 1 2
2 0 9 1 0.1 0.5 0.5 -16.5 63.9 0 0 1 0 0 0 0 0 0 0 2 0.2 1 1 1.265 0.25 0 12 0 0 0 1 1 1 2
2 0 9 6 0.1 0.5 0.5 -22.6962 66.9 0 0 0.965926 0.258819 0 0 0 0 0 0 12 0.2 1 1 1.265 0.25 0 43 0 0 1 0 1 1 2
2 0 9 1 0.1 0.5 0.5 -28.8923 69.9 0 0 1 0 0 0 0 0 0 0 2 0.2 1 1 1.265 0.25 0 12 0 0 0 1 1 1 2
2 0 9 0.5 0.1 3.75 0.5 -29.3923 69.9 -4.25 0 1 0 0 0 0 0 0 0 1 0.2 7.5 1 1.265 0.25 0 43 0 0 1 0 1 1 2
2 0 9 0.5 0.1 1 0.5 -29.3923 69.9 -9 0 1 0 0 0 0 0 0 0 1 0.2 2 1 1.265 0.25 0 12 0 0 0 1 1 1 2
2 0 9 0.5 0.1 0.5 3.75 -29.3923 69.9 -9.5 4.25 1 0 0 0 0 0 0 0 1 0.2 1 7.5 1.265 0.25 0 43 0 0 1 0 1 1 2
2 0 6 1 1 1 1 0 66 0 0 1 0 0 0 0 0 0 0 1 1 1 1 1.265 0.25 1 12 0 4 4 4 4 0 4
2 0 2 50 25 50 50 49.5 25 -9.5 0 1 0 0 0 0 0 0 0 100 50 100 100 1.265 0.25 1 27 0 1 1 1 1 4 2
12 1 0 66 0 0 -1 20 1 1 1 0 0 1 0
13 89.7642
