o Hypercube
v -0.5 -0.5 0.5 -0.5

v 0.5 -0.5 0.5 -0.5

v 0.5 -0.5 -0.5 -0.5

v -0.5 -0.5 -0.5 -0.5

v -0.5 0.5 0.5 -0.5

v 0.5 0.5 0.5 -0.5

v 0.5 0.5 -0.5 -0.5

v -0.5 0.5 -0.5 -0.5

v -0.5 -0.5 0.5 0.5

v 0.5 -0.5 0.5 0.5

v 0.5 -0.5 -0.5 0.5

v -0.5 -0.5 -0.5 0.5

v -0.5 0.5 0.5 0.5

v 0.5 0.5 0.5 0.5

v 0.5 0.5 -0.5 0.5

v -0.5 0.5 -0.5 0.5

vt 0.0 0.0 0.0

vt 1.0 0.0 0.0

vt 0.0 1.0 0.0

vt 1.0 1.0 0.0

vt 0.0 0.0 1.0

vt 1.0 0.0 1.0

vt 0.0 1.0 1.0

vt 1.0 1.0 1.0

vn 1.0 0.0 0.0 0.0

vn 0.0 1.0 0.0 0.0

vn 0.0 0.0 1.0 0.0

vn 0.0 0.0 0.0 1.0

vn -1.0 0.0 0.0 0.0

vn 0.0 -1.0 0.0 0.0

vn 0.0 0.0 -1.0 0.0

vn 0.0 0.0 0.0 -1.0

c 7 0 2 3  

c 6 7 5 2  

c 4 0 5 7  

c 5 0 1 2  

c 5 7 0 2  

c 6 1 10 2  

c 14 6 13 10  

c 5 1 13 6  

c 13 1 9 10  

c 13 6 1 10 

c 15 3 10 11  

c 14 15 6 10  

c 7 3 6 15  

c 6 3 2 10  

c 6 15 3 10  

c 15 8 3 11  

c 7 15 4 3  

c 12 8 4 15  

c 4 8 0 3  

c 4 15 8 3 

c 4 8 1 0  

c 5 4 13 1  

c 12 8 13 4  

c 13 8 9 1  

c 13 4 8 1  

c 3 8 10 11  

c 2 3 1 10  

c 0 8 1 3  

c 1 8 9 10  

c 1 3 8 10 

c 15 4 6 7  

c 14 15 13 6  

c 12 4 13 15  

c 13 4 5 6  

c 13 15 4 6  

c 15 11 10 8  

c 14 10 13 15  

c 12 15 13 8  

c 13 10 9 8  

c 13 10 8 15